#1225	508970	848	0	3.2	100884.7	24.33	18	0	Itachi	08:53:36.064367	19/03/2024	
#1226	509053	1302	0	5.1	100884.7	24.33	60	0	Itachi	08:53:36.147509	19/03/2024	
1227	509362	2324	2	10.4	100884.7	24.33	17	0	Itachi	08:53:36.480174	19/03/2024	
1228	509448	1533	0	6.1	100884.7	24.33	43	0	Itachi	08:53:36.542224	19/03/2024	
1229	509605	978	0	3.7	100884.7	24.33	59	0	Itachi	08:53:36.698827	19/03/2024	
1230	509711	753	0	2.9	100884.7	24.33	18	0	Itachi	08:53:36.805429	19/03/2024	
1231	510545	4095	444	118.1	100884.7	24.33	102	1	Itachi	08:53:37.639062	19/03/2024	
1232	510893	4020	217	65.0	100884.7	24.33	17	1	Itachi	08:53:37.986696	19/03/2024	
1233	511411	344	0	1.3	100884.7	24.33	59	0	Itachi	08:53:38.504767	19/03/2024	
1234	511586	928	0	3.5	100884.7	24.33	69	0	Itachi	08:53:38.680275	19/03/2024	
1235	512195	4095	1489	360.8	100884.7	24.33	59	1	Itachi	08:53:39.288643	19/03/2024	
1236	512263	3902	175	54.8	100884.7	24.33	17	0	Itachi	08:53:39.357124	19/03/2024	
1237	512379	2988	26	17.7	100884.7	24.33	18	0	Itachi	08:53:39.479867	19/03/2024	
1238	512692	899	0	3.4	100884.7	24.33	68	0	Itachi	08:53:39.786341	19/03/2024	
1239	512711	1536	0	6.1	100884.7	24.33	17	0	Itachi	08:53:39.804379	19/03/2024	
1240	513340	4095	654	166.9	100884.7	24.33	59	0	Itachi	08:53:40.457736	19/03/2024	
1241	514202	3354	65	27.4	100884.7	24.33	126	0	Itachi	08:53:41.303662	19/03/2024	
1242	514277	249	0	0.9	100884.7	24.33	25	0	Itachi	08:53:41.370730	19/03/2024	
1243	514322	274	0	1.0	100884.7	24.33	17	0	Itachi	08:53:41.415658	19/03/2024	
1244	514762	4095	1108	272.3	100884.7	24.33	59	1	Itachi	08:53:41.855245	19/03/2024	
1245	515112	325	0	1.2	100884.7	24.33	59	0	Itachi	08:53:42.206253	19/03/2024	
1246	515580	674	0	2.6	100884.7	24.33	59	0	Itachi	08:53:42.673691	19/03/2024	
1247	515673	370	0	1.4	100884.7	24.33	17	0	Itachi	08:53:42.772573	19/03/2024	
1248	516084	4095	579	149.5	100884.7	24.33	65	0	Itachi	08:53:43.177589	19/03/2024	
1249	516149	4095	1393	338.5	100884.7	24.33	17	0	Itachi	08:53:43.242612	19/03/2024	
1250	516696	641	0	2.4	100884.7	24.33	59	0	Itachi	08:53:43.789659	19/03/2024	
1251	516866	471	0	1.8	100884.7	24.33	18	0	Itachi	08:53:43.960383	19/03/2024	
1252	517924	2627	9	12.9	100884.7	24.33	101	0	Itachi	08:53:45.018153	19/03/2024	
1253	518113	2422	2	11.0	100884.7	24.33	60	0	Itachi	08:53:45.207095	19/03/2024	
1254	518131	2180	3	9.6	100884.7	24.33	19	0	Itachi	08:53:45.225176	19/03/2024	
1255	518216	378	0	1.4	100884.7	24.33	17	0	Itachi	08:53:45.309787	19/03/2024	
1256	518315	3653	114	39.7	100884.7	24.33	17	0	Itachi	08:53:45.408846	19/03/2024	
1257	518936	2547	6	12.1	100884.7	24.33	60	0	Itachi	08:53:46.036350	19/03/2024	
1258	518971	1593	0	6.4	100884.7	24.33	23	0	Itachi	08:53:46.064944	19/03/2024	
1259	520553	4086	221	66.3	100884.7	24.33	187	0	Itachi	08:53:47.647457	19/03/2024	
1260	520844	4095	285	81.2	100884.7	24.33	18	1	Itachi	08:53:47.963390	19/03/2024	
1261	520898	930	0	3.5	100884.7	24.33	42	0	Itachi	08:53:47.997673	19/03/2024	
1262	521236	927	0	3.5	100884.7	24.33	66	0	Itachi	08:53:48.330395	19/03/2024	
1263	521486	893	0	3.4	100884.7	24.33	17	0	Itachi	08:53:48.579715	19/03/2024	
1264	521722	613	0	2.3	100884.7	24.33	60	0	Itachi	08:53:48.815629	19/03/2024	
1265	521963	470	0	1.8	100884.7	24.33	17	0	Itachi	08:53:49.056716	19/03/2024	
1266	522165	369	0	1.4	100884.7	24.33	59	0	Itachi	08:53:49.259061	19/03/2024	
1267	522882	394	0	1.5	100884.7	24.33	61	0	Itachi	08:53:49.989276	19/03/2024	
1268	522962	1616	0	6.5	100884.7	24.33	24	0	Itachi	08:53:50.056237	19/03/2024	
1269	523936	666	0	2.5	100884.7	24.33	101	0	Itachi	08:53:51.029699	19/03/2024	
1270	524197	1936	0	8.1	100884.7	24.33	60	0	Itachi	08:53:51.291340	19/03/2024	
1271	524589	547	0	2.1	100884.7	24.33	60	0	Itachi	08:53:51.683318	19/03/2024	
1272	524777	656	0	2.5	100884.7	24.33	17	0	Itachi	08:53:51.870986	19/03/2024	
1273	524925	331	0	1.3	100884.7	24.33	18	0	Itachi	08:53:52.018627	19/03/2024	
1274	525818	3548	91	34.0	100884.7	24.33	101	1	Itachi	08:53:52.911373	19/03/2024	
1275	526325	4095	554	143.7	100884.7	24.33	59	1	Itachi	08:53:53.418647	19/03/2024	
1276	526443	2950	28	17.7	100884.7	24.33	17	0	Itachi	08:53:53.536921	19/03/2024	
1277	526768	3154	44	21.9	100884.7	24.33	60	0	Itachi	08:53:53.867832	19/03/2024	
1278	526870	1227	0	4.8	100884.7	24.33	24	1	Itachi	08:53:53.963606	19/03/2024	
1279	527262	3629	110	38.6	100884.7	24.33	60	1	Itachi	08:53:54.355973	19/03/2024	
1280	527694	2563	4	12.0	100884.7	24.33	59	0	Itachi	08:53:54.804492	19/03/2024	
1281	528130	920	0	3.5	100884.7	24.33	76	0	Itachi	08:53:55.229832	19/03/2024	
1282	528940	4095	256	74.5	100884.7	24.33	65	0	Itachi	08:53:56.033854	19/03/2024	
1283	529283	1517	0	6.0	100884.7	24.33	59	0	Itachi	08:53:56.376596	19/03/2024	
1284	529379	652	0	2.5	100884.7	24.33	17	0	Itachi	08:53:56.472583	19/03/2024	
1285	529486	2840	19	15.6	100884.7	24.33	18	1	Itachi	08:53:56.580072	19/03/2024	
1286	529793	883	0	3.4	100884.7	24.33	59	0	Itachi	08:53:56.887121	19/03/2024	
1287	530052	2833	16	15.1	100884.7	24.33	61	0	Itachi	08:53:57.160323	19/03/2024	
1288	530408	936	0	3.6	100884.7	24.33	32	0	Itachi	08:53:57.502286	19/03/2024	
1289	531682	1988	1	8.4	100884.7	24.33	144	0	Itachi	08:53:58.776124	19/03/2024	
1290	531960	4095	745	188.0	100884.7	24.33	18	1	Itachi	08:53:59.053940	19/03/2024	
1291	532290	889	0	3.4	100884.7	24.33	59	0	Itachi	08:53:59.384102	19/03/2024	
1292	532451	3681	122	41.6	100884.7	24.33	18	0	Itachi	08:53:59.544764	19/03/2024	
1293	532902	4095	797	200.1	100884.7	24.33	59	1	Itachi	08:53:59.995662	19/03/2024	
1294	533844	4095	651	166.2	100884.7	24.33	102	1	Itachi	08:54:00.938167	19/03/2024	
1295	534136	768	0	2.9	100884.7	24.33	59	0	Itachi	08:54:01.229694	19/03/2024	
1296	534230	4095	822	205.9	100884.7	24.33	18	0	Itachi	08:54:01.324441	19/03/2024	
1297	534324	1092	0	4.2	100884.7	24.33	17	0	Itachi	08:54:01.423771	19/03/2024	
1298	534982	200	0	0.8	100884.7	24.33	65	0	Itachi	08:54:02.075701	19/03/2024	
1299	535349	725	0	2.7	100884.7	24.33	59	0	Itachi	08:54:02.443292	19/03/2024	
1300	536490	2661	8	13.0	100884.7	24.33	145	0	Itachi	08:54:03.643830	19/03/2024	
1301	536946	3874	166	52.6	100884.7	24.33	76	0	Itachi	08:54:04.045420	19/03/2024	
1302	537295	3232	52	24.0	100884.7	24.33	65	0	Itachi	08:54:04.388707	19/03/2024	
1303	537417	524	0	2.0	100884.7	24.33	18	0	Itachi	08:54:04.511324	19/03/2024	
1304	537459	229	0	0.9	100884.7	24.33	17	0	Itachi	08:54:04.552658	19/03/2024	
1305	537490	4095	515	134.6	100884.7	24.33	60	1	Itachi	08:54:04.625978	19/03/2024	
1306	537687	2229	0	9.7	100884.7	24.33	60	0	Itachi	08:54:04.780747	19/03/2024	
1307	538722	1099	0	4.2	100884.7	24.33	101	0	Itachi	08:54:05.840684	19/03/2024	
1308	539345	3739	133	44.4	100884.7	24.33	85	1	Itachi	08:54:06.439129	19/03/2024	
1309	539702	3340	64	27.1	100884.7	24.33	59	0	Itachi	08:54:06.796389	19/03/2024	
1310	540225	739	0	2.8	100884.7	24.33	59	0	Itachi	08:54:07.318809	19/03/2024	
1311	540350	303	0	1.1	100884.7	24.33	17	0	Itachi	08:54:07.443678	19/03/2024	
1312	540712	1501	0	5.9	100884.7	24.33	60	1	Itachi	08:54:07.805998	19/03/2024	
1313	541865	4095	566	146.5	100884.7	24.33	101	0	Itachi	08:54:08.967182	19/03/2024	
1314	541957	1962	0	8.2	100884.7	24.33	26	0	Itachi	08:54:09.050989	19/03/2024	
1315	542149	449	0	1.7	100884.7	24.33	61	0	Itachi	08:54:09.243565	19/03/2024	
1316	543097	264	0	1.0	100884.7	24.33	101	0	Itachi	08:54:10.190828	19/03/2024	
1317	543351	1662	0	6.7	100884.7	24.33	17	0	Itachi	08:54:10.452236	19/03/2024	
1318	544170	456	0	1.7	100884.7	24.33	109	0	Itachi	08:54:11.263734	19/03/2024	
1319	544316	2129	0	9.1	100884.7	24.33	18	0	Itachi	08:54:11.410348	19/03/2024	
1320	544667	4095	316	88.4	100884.7	24.33	59	0	Itachi	08:54:11.785051	19/03/2024	
1321	544791	2946	24	17.1	100884.7	24.33	42	0	Itachi	08:54:11.892616	19/03/2024	
1322	544897	537	0	2.0	100884.7	24.33	25	0	Itachi	08:54:11.991049	19/03/2024	
1323	545284	1003	0	3.8	100884.7	24.33	60	0	Itachi	08:54:12.377807	19/03/2024	
1324	545680	1535	0	6.1	100884.7	24.33	59	0	Itachi	08:54:12.773626	19/03/2024	
1325	546344	870	0	3.3	100884.7	24.33	59	0	Itachi	08:54:13.438000	19/03/2024	
1326	546679	4095	389	105.3	100884.7	24.33	60	0	Itachi	08:54:13.772607	19/03/2024	
1327	546829	273	0	1.0	100884.7	24.33	17	0	Itachi	08:54:13.928701	19/03/2024	
1328	547000	3006	32	18.8	100884.7	24.33	107	0	Itachi	08:54:14.136265	19/03/2024	
1329	547249	4095	362	99.1	100884.7	24.33	19	1	Itachi	08:54:14.342996	19/03/2024	
1330	548479	2353	1	10.5	100884.7	24.33	101	0	Itachi	08:54:15.572445	19/03/2024	
1331	548566	527	0	2.0	100884.7	24.33	59	0	Itachi	08:54:15.660034	19/03/2024	
1332	548660	2310	0	10.2	100884.7	24.33	19	0	Itachi	08:54:15.754473	19/03/2024	
1333	548890	761	0	2.9	100884.7	24.33	17	0	Itachi	08:54:15.984150	19/03/2024	
1334	549045	2303	3	10.3	100884.7	24.33	60	0	Itachi	08:54:16.139006	19/03/2024	
1335	549123	3690	142	46.0	100884.7	24.33	18	0	Itachi	08:54:16.216859	19/03/2024	
1336	549805	2698	13	13.8	100884.7	24.33	59	0	Itachi	08:54:16.898798	19/03/2024	
1337	550756	4095	1132	277.9	100884.7	24.33	101	0	Itachi	08:54:17.855809	19/03/2024	
1338	551210	2905	20	16.2	100884.7	24.33	65	0	Itachi	08:54:18.303782	19/03/2024	
1339	551703	3565	93	34.6	100884.7	24.33	67	0	Itachi	08:54:18.805162	19/03/2024	
1340	553193	531	0	2.0	100884.7	24.33	145	0	Itachi	08:54:20.304489	19/03/2024	
1341	554074	1041	0	4.0	100884.7	24.33	118	0	Itachi	08:54:21.173656	19/03/2024	
1342	554478	4095	517	135.1	100884.7	24.33	23	1	Itachi	08:54:21.571970	19/03/2024	
1343	554552	977	0	3.7	100884.7	24.33	59	0	Itachi	08:54:21.646326	19/03/2024	
1344	555647	4095	527	137.4	100884.7	24.33	102	0	Itachi	08:54:22.741152	19/03/2024	
1345	555672	1918	0	8.0	100884.7	24.33	18	0	Itachi	08:54:22.765733	19/03/2024	
1346	555993	524	0	2.0	100884.7	24.33	60	0	Itachi	08:54:23.130016	19/03/2024	
1347	556995	2434	4	11.2	100884.7	24.33	145	0	Itachi	08:54:24.137047	19/03/2024	
1348	557357	4095	252	73.5	100884.7	24.33	67	1	Itachi	08:54:24.451304	19/03/2024	
1349	557842	653	0	2.5	100884.7	24.33	59	0	Itachi	08:54:24.935950	19/03/2024	
1350	558248	4095	1373	333.9	100884.7	24.33	59	1	Itachi	08:54:25.341362	19/03/2024	
1351	558783	842	0	3.2	100884.7	24.33	59	0	Itachi	08:54:25.876683	19/03/2024	
1352	559168	225	0	0.9	100884.7	24.33	59	0	Itachi	08:54:26.261961	19/03/2024	
1353	559663	1777	0	7.3	100884.7	24.33	59	0	Itachi	08:54:26.757068	19/03/2024	
1354	560083	2496	6	11.8	100884.7	24.33	60	0	Itachi	08:54:27.177372	19/03/2024	
1355	560686	2368	3	10.7	100884.7	24.33	60	0	Itachi	08:54:27.780463	19/03/2024	
1356	560951	434	0	1.6	100884.7	24.33	17	0	Itachi	08:54:28.045111	19/03/2024	
1357	562191	364	0	1.4	100884.7	24.33	145	0	Itachi	08:54:29.291558	19/03/2024	
1358	563042	946	0	3.6	100884.7	24.33	108	0	Itachi	08:54:30.136462	19/03/2024	
1359	563189	3371	66	27.7	100884.7	24.33	17	0	Itachi	08:54:30.282609	19/03/2024	
1360	563269	429	0	1.6	100884.7	24.33	17	0	Itachi	08:54:30.380221	19/03/2024	
1361	563999	2503	5	11.7	100884.7	24.33	161	0	Itachi	08:54:31.140910	19/03/2024	
1362	564189	4095	375	102.1	100884.7	24.33	23	0	Itachi	08:54:31.282886	19/03/2024	
1363	564851	2781	14	14.5	100884.7	24.33	60	0	Itachi	08:54:31.953822	19/03/2024	
1364	565135	4095	460	121.8	100884.7	24.33	67	0	Itachi	08:54:32.229133	19/03/2024	
1365	565371	3155	43	21.7	100884.7	24.33	18	0	Itachi	08:54:32.464978	19/03/2024	
1366	565957	2456	6	11.5	100884.7	24.33	60	0	Itachi	08:54:33.051289	19/03/2024	
1367	566178	680	0	2.6	100884.7	24.33	60	0	Itachi	08:54:33.278095	19/03/2024	
1368	566407	218	0	0.8	100884.7	24.33	25	0	Itachi	08:54:33.501411	19/03/2024	
1369	567055	624	0	2.4	100884.7	24.33	101	0	Itachi	08:54:34.149419	19/03/2024	
1370	567166	534	0	2.0	100884.7	24.33	17	0	Itachi	08:54:34.259806	19/03/2024	
1371	568174	4095	248	72.6	100884.7	24.33	102	1	Itachi	08:54:35.268413	19/03/2024	
1372	568248	317	0	1.2	100884.7	24.33	17	0	Itachi	08:54:35.342222	19/03/2024	
1373	568364	1283	0	5.0	100884.7	24.33	18	0	Itachi	08:54:35.458271	19/03/2024	
1374	568424	767	0	2.9	100884.7	24.33	17	0	Itachi	08:54:35.518137	19/03/2024	
1375	568481	1694	0	6.9	100884.7	24.33	18	0	Itachi	08:54:35.574689	19/03/2024	
1376	570657	1523	0	6.0	100884.7	24.33	228	0	Itachi	08:54:37.751964	19/03/2024	
1377	570930	1922	0	8.0	100884.7	24.33	17	0	Itachi	08:54:38.024007	19/03/2024	
1378	571765	893	0	3.4	100884.7	24.33	102	0	Itachi	08:54:38.865211	19/03/2024	
1379	571909	1797	0	7.4	100884.7	24.33	24	0	Itachi	08:54:39.002931	19/03/2024	
1380	572423	222	0	0.8	100884.7	24.33	59	0	Itachi	08:54:39.533632	19/03/2024	
1381	572789	202	0	0.8	100884.7	24.33	77	0	Itachi	08:54:39.889563	19/03/2024	
1382	573129	1423	0	5.6	100884.7	24.33	65	0	Itachi	08:54:40.223204	19/03/2024	
1383	573169	2737	13	14.1	100884.7	24.33	18	0	Itachi	08:54:40.262911	19/03/2024	
1384	573374	731	0	2.8	100884.7	24.33	17	0	Itachi	08:54:40.467733	19/03/2024	
1385	573952	297	0	1.1	100884.7	24.33	59	0	Itachi	08:54:41.045936	19/03/2024	
1386	573994	1668	0	6.7	100884.7	24.33	60	0	Itachi	08:54:41.130196	19/03/2024	
1387	574372	738	0	2.8	100884.7	24.33	61	0	Itachi	08:54:41.466639	19/03/2024	
1388	574567	811	0	3.1	100884.7	24.33	59	0	Itachi	08:54:41.686083	19/03/2024	
1389	575292	2213	1	9.7	100884.7	24.33	84	0	Itachi	08:54:42.393724	19/03/2024	
1390	577191	4095	306	86.1	100884.7	24.33	193	1	Itachi	08:54:44.284910	19/03/2024	
1391	577370	984	0	3.8	100884.7	24.33	17	0	Itachi	08:54:44.464122	19/03/2024	
1392	577903	467	0	1.8	100884.7	24.33	60	0	Itachi	08:54:44.996821	19/03/2024	
1393	579300	2344	3	10.6	100884.7	24.33	143	0	Itachi	08:54:46.394030	19/03/2024	
1394	579463	754	0	2.9	100884.7	24.33	18	0	Itachi	08:54:46.557548	19/03/2024	
1395	579546	1338	0	5.2	100884.7	24.33	60	0	Itachi	08:54:46.640521	19/03/2024	
1396	579731	4095	411	110.5	100884.7	24.33	17	1	Itachi	08:54:46.824736	19/03/2024	
1397	580403	4095	597	153.7	100884.7	24.33	60	1	Itachi	08:54:47.497334	19/03/2024	
1398	580640	4095	793	199.2	100884.7	24.33	60	0	Itachi	08:54:47.742245	19/03/2024	
1399	581215	2371	1	10.6	100884.7	24.33	68	0	Itachi	08:54:48.309365	19/03/2024	
1400	581757	4095	585	150.9	100884.7	24.33	59	1	Itachi	08:54:48.874835	19/03/2024	
1401	582126	212	0	0.8	100884.7	24.33	84	0	Itachi	08:54:49.228438	19/03/2024	
1402	582768	3845	174	54.2	100884.7	24.33	68	0	Itachi	08:54:49.862850	19/03/2024	
1403	583098	614	0	2.3	100884.7	24.33	59	0	Itachi	08:54:50.192339	19/03/2024	
1404	583168	4095	843	210.8	100884.7	24.33	17	0	Itachi	08:54:50.262337	19/03/2024	
1405	584331	2872	18	15.7	100884.7	24.33	102	0	Itachi	08:54:51.425327	19/03/2024	
1406	584423	4095	355	97.4	100884.7	24.33	19	0	Itachi	08:54:51.517657	19/03/2024	
1407	584554	1012	0	3.9	100884.7	24.33	60	0	Itachi	08:54:51.648722	19/03/2024	
1408	584872	2759	18	14.9	100884.7	24.33	17	0	Itachi	08:54:51.971982	19/03/2024	
1409	585820	4095	321	89.6	100884.7	24.33	108	0	Itachi	08:54:52.914596	19/03/2024	
1410	585942	2340	1	10.4	100884.7	24.33	17	0	Itachi	08:54:53.035503	19/03/2024	
1411	585989	3498	84	32.2	100884.7	24.33	17	0	Itachi	08:54:53.083431	19/03/2024	
1412	586264	3490	83	32.0	100884.7	24.33	61	0	Itachi	08:54:53.358609	19/03/2024	
1413	587139	4095	424	113.5	100884.7	24.33	101	0	Itachi	08:54:54.233045	19/03/2024	
1414	587198	1189	0	4.6	100884.7	24.33	17	0	Itachi	08:54:54.300376	19/03/2024	
1415	587433	2886	20	16.1	100884.7	24.33	26	0	Itachi	08:54:54.527299	19/03/2024	
1416	587770	2926	24	16.9	100884.7	24.33	60	0	Itachi	08:54:54.864027	19/03/2024	
1417	588624	3616	102	36.8	100884.7	24.33	102	0	Itachi	08:54:55.718522	19/03/2024	
1418	589562	649	0	2.5	100884.7	24.33	102	0	Itachi	08:54:56.662612	19/03/2024	
1419	589674	211	0	0.8	100884.7	24.33	23	0	Itachi	08:54:56.768020	19/03/2024	
1420	589940	434	0	1.6	100884.7	24.33	18	0	Itachi	08:54:57.051395	19/03/2024	
1421	590173	827	0	3.1	100884.7	24.33	76	0	Itachi	08:54:57.273076	19/03/2024	
1422	590346	1802	0	7.4	100884.7	24.33	24	0	Itachi	08:54:57.440173	19/03/2024	
1423	590415	3683	142	46.0	100884.7	24.33	18	0	Itachi	08:54:57.509028	19/03/2024	
1424	591643	3771	157	49.9	100884.7	24.33	145	0	Itachi	08:54:58.737591	19/03/2024	
1425	591683	907	0	3.5	100884.7	24.33	18	0	Itachi	08:54:58.777460	19/03/2024	
1426	591900	4095	529	137.9	100884.7	24.33	17	1	Itachi	08:54:58.993832	19/03/2024	
1427	591959	4095	955	236.8	100884.7	24.33	17	0	Itachi	08:54:59.053389	19/03/2024	
1428	593670	1008	0	3.9	100884.7	24.33	185	0	Itachi	08:55:00.769906	19/03/2024	
1429	593813	418	0	1.6	100884.7	24.33	23	0	Itachi	08:55:00.907420	19/03/2024	
1430	594268	1987	0	8.4	100884.7	24.33	59	0	Itachi	08:55:01.362593	19/03/2024	
1431	594577	2528	6	12.0	100884.7	24.33	59	0	Itachi	08:55:01.671593	19/03/2024	
1432	594822	1375	0	5.4	100884.7	24.33	18	0	Itachi	08:55:01.916615	19/03/2024	
1433	594902	1795	0	7.4	100884.7	24.33	17	0	Itachi	08:55:01.995942	19/03/2024	
1434	595232	4095	309	86.8	100884.7	24.33	59	1	Itachi	08:55:02.325764	19/03/2024	
1435	595326	2206	0	9.6	100884.7	24.33	17	0	Itachi	08:55:02.419831	19/03/2024	
1436	595928	4095	316	88.4	100884.7	24.33	59	0	Itachi	08:55:03.022439	19/03/2024	
1437	596086	184	0	0.7	100884.7	24.33	61	0	Itachi	08:55:03.180701	19/03/2024	
1438	596221	787	0	3.0	100884.7	24.33	18	0	Itachi	08:55:03.321532	19/03/2024	
1439	596343	1802	0	7.4	100884.7	24.33	23	0	Itachi	08:55:03.437449	19/03/2024	
1440	597137	777	0	2.9	100884.7	24.33	101	0	Itachi	08:55:04.256303	19/03/2024	
1441	597491	955	0	3.6	100884.7	24.33	86	0	Itachi	08:55:04.634041	19/03/2024	
1442	597558	511	0	1.9	100884.7	24.33	65	0	Itachi	08:55:04.652285	19/03/2024	
1443	597954	1382	0	5.4	100884.7	24.33	18	0	Itachi	08:55:05.049947	19/03/2024	
1444	598973	778	0	3.0	100884.7	24.33	102	0	Itachi	08:55:06.067414	19/03/2024	
1445	599351	511	0	1.9	100884.7	24.33	59	0	Itachi	08:55:06.444893	19/03/2024	
1446	599573	249	0	0.9	100884.7	24.33	59	0	Itachi	08:55:06.667030	19/03/2024	
1447	599749	3204	47	22.8	100884.7	24.33	17	0	Itachi	08:55:06.843511	19/03/2024	
1448	599905	795	0	3.0	100884.7	24.33	18	0	Itachi	08:55:07.005124	19/03/2024	
1449	600682	1953	0	8.2	100884.7	24.33	107	0	Itachi	08:55:07.776413	19/03/2024	
1450	600798	187	0	0.7	100884.7	24.33	18	0	Itachi	08:55:07.892655	19/03/2024	
1451	601717	4089	223	66.8	100884.7	24.33	102	0	Itachi	08:55:08.811672	19/03/2024	
1452	601814	1810	0	7.4	100884.7	24.33	18	0	Itachi	08:55:08.908657	19/03/2024	
1453	602311	1576	0	6.3	100884.7	24.33	59	0	Itachi	08:55:09.405437	19/03/2024	
1454	602346	2399	3	10.9	100884.7	24.33	19	0	Itachi	08:55:09.440614	19/03/2024	
1455	602547	1933	0	8.1	100884.7	24.33	59	0	Itachi	08:55:09.641403	19/03/2024	
1456	602863	319	0	1.2	100884.7	24.33	19	0	Itachi	08:55:09.957598	19/03/2024	
1457	603246	511	0	1.9	100884.7	24.33	60	0	Itachi	08:55:10.340680	19/03/2024	
1458	603496	4095	249	72.8	100884.7	24.33	59	0	Itachi	08:55:10.638556	19/03/2024	
1459	603990	509	0	1.9	100884.7	24.33	108	0	Itachi	08:55:11.126818	19/03/2024	
1460	604304	1114	0	4.3	100884.7	24.33	60	0	Itachi	08:55:11.414906	19/03/2024	
1461	605100	2887	21	16.2	100884.7	24.33	118	0	Itachi	08:55:12.199731	19/03/2024	
1462	605471	958	0	3.7	100884.7	24.33	23	0	Itachi	08:55:12.565407	19/03/2024	
1463	605800	1431	0	5.6	100884.7	24.33	59	0	Itachi	08:55:12.894389	19/03/2024	
1464	606816	1472	0	5.8	100884.7	24.33	102	0	Itachi	08:55:13.910168	19/03/2024	
1465	606834	893	0	3.4	100884.7	24.33	17	0	Itachi	08:55:13.928256	19/03/2024	
1466	606855	866	0	3.3	100884.7	24.33	18	0	Itachi	08:55:13.948942	19/03/2024	
1467	607850	1016	0	3.9	100884.7	24.33	102	1	Itachi	08:55:14.944216	19/03/2024	
1468	609230	241	0	0.9	100884.7	24.33	152	0	Itachi	08:55:16.349397	19/03/2024	
1469	609812	1513	0	6.0	100884.7	24.33	84	0	Itachi	08:55:16.906138	19/03/2024	
1470	609910	4095	928	230.5	100884.7	24.33	18	1	Itachi	08:55:17.003714	19/03/2024	
1471	610643	626	0	2.4	100884.7	24.33	101	0	Itachi	08:55:17.736997	19/03/2024	
1472	611246	2718	13	14.0	100884.7	24.33	59	0	Itachi	08:55:18.340106	19/03/2024	
1473	611355	2180	1	9.5	100884.7	24.33	18	0	Itachi	08:55:18.449173	19/03/2024	
1474	611729	2018	0	8.5	100884.7	24.33	60	0	Itachi	08:55:18.823790	19/03/2024	
1475	612573	608	0	2.3	100884.7	24.33	101	0	Itachi	08:55:19.667153	19/03/2024	
1476	612668	2766	16	14.7	100884.7	24.33	18	0	Itachi	08:55:19.762580	19/03/2024	
1477	613260	1642	0	6.6	100884.7	24.33	59	0	Itachi	08:55:20.354396	19/03/2024	
1478	613578	2921	24	16.9	100884.7	24.33	60	0	Itachi	08:55:20.679750	19/03/2024	
1479	614102	2184	0	9.5	100884.7	24.33	67	0	Itachi	08:55:21.196570	19/03/2024	
1480	615594	4014	211	63.6	100884.7	24.33	145	1	Itachi	08:55:22.712476	19/03/2024	
1481	616340	4095	476	125.6	100884.7	24.33	83	1	Itachi	08:55:23.441534	19/03/2024	
1482	616868	4095	659	168.1	100884.7	24.33	67	1	Itachi	08:55:23.961674	19/03/2024	
1483	617684	914	0	3.5	100884.7	24.33	102	0	Itachi	08:55:24.778803	19/03/2024	
1484	617822	554	0	2.1	100884.7	24.33	17	0	Itachi	08:55:24.916364	19/03/2024	
1485	618103	857	0	3.3	100884.7	24.33	60	0	Itachi	08:55:25.197168	19/03/2024	
1486	618662	1163	0	4.5	100884.7	24.33	61	0	Itachi	08:55:25.756904	19/03/2024	
1487	618986	1092	0	4.2	100884.7	24.33	17	0	Itachi	08:55:26.081060	19/03/2024	
1488	619092	760	0	2.9	100884.7	24.33	61	0	Itachi	08:55:26.192588	19/03/2024	
1489	619175	4095	736	185.9	100884.7	24.33	23	0	Itachi	08:55:26.269301	19/03/2024	
1490	619386	1843	1	7.6	100884.7	24.33	17	0	Itachi	08:55:26.479789	19/03/2024	
1491	619577	2492	3	11.5	100884.7	24.33	59	0	Itachi	08:55:26.679189	19/03/2024	
1492	619771	1622	0	6.5	100884.7	24.33	26	0	Itachi	08:55:26.865282	19/03/2024	
1493	620139	636	0	2.4	100884.7	24.33	60	0	Itachi	08:55:27.233601	19/03/2024	
1494	620177	4095	276	79.1	100884.7	24.33	18	1	Itachi	08:55:27.270966	19/03/2024	
1495	620338	499	0	1.9	100884.7	24.33	17	0	Itachi	08:55:27.431817	19/03/2024	
1496	620766	4095	427	114.2	100884.7	24.33	59	1	Itachi	08:55:27.859589	19/03/2024	
1497	621164	1837	0	7.6	100884.7	24.33	59	0	Itachi	08:55:28.258497	19/03/2024	
1498	621261	4095	224	67.0	100884.7	24.33	17	0	Itachi	08:55:28.360843	19/03/2024	
1499	621293	355	0	1.3	100884.7	24.33	24	0	Itachi	08:55:28.387749	19/03/2024	
1500	622154	4095	2420	577.0	100884.7	24.33	102	0	Itachi	08:55:29.265751	19/03/2024	
1501	622246	714	0	2.7	100884.7	24.33	35	0	Itachi	08:55:29.346381	19/03/2024	
1502	622374	616	0	2.3	100884.7	24.33	23	0	Itachi	08:55:29.468267	19/03/2024	
1503	622801	1851	0	7.6	100884.7	24.33	61	0	Itachi	08:55:29.895802	19/03/2024	
1504	623546	975	0	3.7	100884.7	24.33	101	0	Itachi	08:55:30.640160	19/03/2024	
1505	623699	4095	1742	419.6	100884.7	24.33	19	1	Itachi	08:55:30.793334	19/03/2024	
1506	623956	4095	1029	254.0	100884.7	24.33	17	0	Itachi	08:55:31.050074	19/03/2024	
1507	624183	660	0	2.5	100884.7	24.33	59	0	Itachi	08:55:31.277143	19/03/2024	
1508	624232	786	0	3.0	100884.7	24.33	18	0	Itachi	08:55:31.331714	19/03/2024	
1509	625052	4095	307	86.3	100884.7	24.33	107	1	Itachi	08:55:32.146036	19/03/2024	
1510	625089	3583	113	39.0	100884.7	24.33	18	0	Itachi	08:55:32.183908	19/03/2024	
1511	625666	3328	61	26.4	100884.7	24.33	60	0	Itachi	08:55:32.760789	19/03/2024	
1512	625690	2869	19	15.8	100884.7	24.33	17	0	Itachi	08:55:32.784161	19/03/2024	
1513	626078	2036	1	8.7	100884.7	24.33	60	0	Itachi	08:55:33.171712	19/03/2024	
1514	626097	187	0	0.7	100884.7	24.33	18	0	Itachi	08:55:33.191754	19/03/2024	
1515	626740	1985	1	8.4	100884.7	24.33	60	0	Itachi	08:55:33.834400	19/03/2024	
1516	626939	2847	20	15.8	100884.7	24.33	17	0	Itachi	08:55:34.033416	19/03/2024	
1517	627970	2100	0	9.0	100884.7	24.33	103	0	Itachi	08:55:35.064958	19/03/2024	
1518	628054	1432	0	5.6	100884.7	24.33	59	0	Itachi	08:55:35.154143	19/03/2024	
1519	628175	760	0	2.9	100884.7	24.33	23	0	Itachi	08:55:35.269037	19/03/2024	
1520	628276	634	0	2.4	100884.7	24.33	25	0	Itachi	08:55:35.395499	19/03/2024	
1521	628462	4095	539	140.2	100884.7	24.33	35	0	Itachi	08:55:35.561760	19/03/2024	
1522	628608	888	0	3.4	100884.7	24.33	65	0	Itachi	08:55:35.702469	19/03/2024	
1523	628951	1134	0	4.4	100884.7	24.33	18	0	Itachi	08:55:36.045444	19/03/2024	
1524	629060	542	0	2.0	100884.7	24.33	60	0	Itachi	08:55:36.154328	19/03/2024	
1525	629768	656	0	2.5	100884.7	24.33	61	0	Itachi	08:55:36.862697	19/03/2024	
1526	631063	626	0	2.4	100884.7	24.33	143	0	Itachi	08:55:38.157508	19/03/2024	
1527	631415	197	0	0.8	100884.7	24.33	18	0	Itachi	08:55:38.509171	19/03/2024	
1528	631926	541	0	2.0	100884.7	24.33	61	0	Itachi	08:55:39.020879	19/03/2024	
1529	632077	4095	677	172.2	100884.7	24.33	60	0	Itachi	08:55:39.177701	19/03/2024	
1530	632367	902	0	3.4	100884.7	24.33	24	0	Itachi	08:55:39.461617	19/03/2024	
1531	632754	595	0	2.2	100884.7	24.33	59	0	Itachi	08:55:39.847890	19/03/2024	
1532	633341	487	0	1.8	100884.7	24.33	59	0	Itachi	08:55:40.435492	19/03/2024	
1533	633565	4095	500	131.1	100884.7	24.33	60	0	Itachi	08:55:40.659670	19/03/2024	
1534	633746	2596	6	12.4	100884.7	24.33	17	0	Itachi	08:55:40.840125	19/03/2024	
1535	633768	2354	3	10.6	100884.7	24.33	17	0	Itachi	08:55:40.862411	19/03/2024	
1536	633979	529	0	2.0	100884.7	24.33	18	0	Itachi	08:55:41.073044	19/03/2024	
1537	634714	4095	677	172.2	100884.7	24.33	102	1	Itachi	08:55:41.808542	19/03/2024	
1538	635182	353	0	1.3	100884.7	24.33	59	1	Itachi	08:55:42.275664	19/03/2024	
1539	635341	2955	26	17.4	100884.7	24.33	17	0	Itachi	08:55:42.441024	19/03/2024	
1540	635428	2900	26	17.0	100884.7	24.33	24	0	Itachi	08:55:42.539567	19/03/2024	
1541	635494	618	0	2.3	100884.7	24.33	77	0	Itachi	08:55:42.636927	19/03/2024	
1542	636304	2513	5	11.8	100884.7	24.33	107	0	Itachi	08:55:43.398516	19/03/2024	
1543	636499	4095	336	93.0	100884.7	24.33	102	0	Itachi	08:55:43.635664	19/03/2024	
1544	636655	2992	29	18.2	100884.7	24.33	17	0	Itachi	08:55:43.749221	19/03/2024	
1545	637901	2041	1	8.7	100884.7	24.33	102	0	Itachi	08:55:44.994677	19/03/2024	
1546	637996	4095	306	86.1	100884.7	24.33	59	1	Itachi	08:55:45.132761	19/03/2024	
1547	638637	757	0	2.9	100884.7	24.33	110	0	Itachi	08:55:45.731674	19/03/2024	
1548	638697	3249	56	24.8	100884.7	24.33	18	0	Itachi	08:55:45.791312	19/03/2024	
1549	638775	2389	4	10.9	100884.7	24.33	18	0	Itachi	08:55:45.894049	19/03/2024	
1550	638896	2555	5	12.1	100884.7	24.33	42	0	Itachi	08:55:45.990534	19/03/2024	
1551	638949	2115	1	9.1	100884.7	24.33	18	0	Itachi	08:55:46.043172	19/03/2024	
1552	638978	214	0	0.8	100884.7	24.33	16	0	Itachi	08:55:46.072461	19/03/2024	
1553	639578	3782	158	50.2	100884.7	24.33	102	0	Itachi	08:55:46.672335	19/03/2024	
1554	639663	491	0	1.9	100884.7	24.33	18	0	Itachi	08:55:46.756894	19/03/2024	
1555	639704	2910	24	16.8	100884.7	24.33	17	0	Itachi	08:55:46.798442	19/03/2024	
1556	639971	1150	0	4.4	100884.7	24.33	18	0	Itachi	08:55:47.065140	19/03/2024	
1557	640174	2388	2	10.8	100884.7	24.33	59	0	Itachi	08:55:47.268477	19/03/2024	
1558	640403	4095	469	123.9	100884.7	24.33	19	0	Itachi	08:55:47.497717	19/03/2024	
1559	640618	3611	105	37.4	100884.7	24.33	59	1	Itachi	08:55:47.719404	19/03/2024	
1560	640778	4095	603	155.0	100884.7	24.33	25	1	Itachi	08:55:47.895745	19/03/2024	
1561	641700	309	0	1.2	100884.7	24.33	125	0	Itachi	08:55:48.802005	19/03/2024	
1562	642048	1160	0	4.5	100884.7	24.33	67	0	Itachi	08:55:49.142195	19/03/2024	
1563	642088	4095	285	81.2	100884.7	24.33	19	1	Itachi	08:55:49.182333	19/03/2024	
1564	642220	3599	118	40.2	100884.7	24.33	18	0	Itachi	08:55:49.314682	19/03/2024	
1565	642829	601	0	2.3	100884.7	24.33	59	0	Itachi	08:55:49.923296	19/03/2024	
1566	643602	560	0	2.1	100884.7	24.33	102	0	Itachi	08:55:50.696084	19/03/2024	
1567	643633	693	0	2.6	100884.7	24.33	17	0	Itachi	08:55:50.727262	19/03/2024	
1568	643666	704	0	2.7	100884.7	24.33	18	0	Itachi	08:55:50.760392	19/03/2024	
1569	644493	3224	52	23.9	100884.7	24.33	103	0	Itachi	08:55:51.635941	19/03/2024	
1570	644956	1974	0	8.3	100884.7	24.33	65	0	Itachi	08:55:52.050592	19/03/2024	
1571	645575	848	0	3.2	100884.7	24.33	101	0	Itachi	08:55:52.669263	19/03/2024	
1572	645850	3024	30	18.6	100884.7	24.33	19	0	Itachi	08:55:52.944704	19/03/2024	
1573	646386	4095	596	153.4	100884.7	24.33	59	0	Itachi	08:55:53.488528	19/03/2024	
1574	646892	193	0	0.7	100884.7	24.33	68	0	Itachi	08:55:53.986521	19/03/2024	
1575	649382	749	0	2.8	100884.7	24.33	228	0	Itachi	08:55:56.476122	19/03/2024	
1576	649422	1670	0	6.7	100884.7	24.33	17	0	Itachi	08:55:56.516661	19/03/2024	
1577	649579	4095	1066	262.6	100884.7	24.33	59	0	Itachi	08:55:56.673667	19/03/2024	
1578	649660	1902	0	7.9	100884.7	24.33	17	0	Itachi	08:55:56.753852	19/03/2024	
1579	649923	1279	0	5.0	100884.7	24.33	17	0	Itachi	08:55:57.023433	19/03/2024	
1580	650263	843	0	3.2	100884.7	24.33	66	0	Itachi	08:55:57.373930	19/03/2024	
1581	650479	1198	0	4.6	100884.7	24.33	34	0	Itachi	08:55:57.579302	19/03/2024	
1582	650901	4095	733	185.2	100884.7	24.33	66	1	Itachi	08:55:57.995601	19/03/2024	
1583	651430	849	0	3.2	100884.7	24.33	60	0	Itachi	08:55:58.524866	19/03/2024	
1584	652337	1632	0	6.6	100884.7	24.33	101	0	Itachi	08:55:59.430964	19/03/2024	
1585	652658	795	0	3.0	100884.7	24.33	59	0	Itachi	08:55:59.752118	19/03/2024	
1586	652938	1424	0	5.6	100884.7	24.33	17	0	Itachi	08:56:00.032606	19/03/2024	
1587	653048	1625	0	6.5	100884.7	24.33	59	0	Itachi	08:56:00.142242	19/03/2024	
1588	653069	608	0	2.3	100884.7	24.33	18	0	Itachi	08:56:00.163844	19/03/2024	
1589	653175	469	0	1.8	100884.7	24.33	17	0	Itachi	08:56:00.275308	19/03/2024	
1590	653280	670	0	2.5	100884.7	24.33	24	0	Itachi	08:56:00.374099	19/03/2024	
1591	653413	617	0	2.3	100884.7	24.33	18	0	Itachi	08:56:00.507748	19/03/2024	
1592	654089	2532	9	12.3	100884.7	24.33	101	0	Itachi	08:56:01.183221	19/03/2024	
1593	654266	4095	4095	966.1	100884.7	24.33	17	0	Itachi	08:56:01.360641	19/03/2024	
1594	655369	1194	0	4.6	100884.7	24.33	102	0	Itachi	08:56:02.463320	19/03/2024	
1595	656441	340	0	1.3	100884.7	24.33	102	0	Itachi	08:56:03.535869	19/03/2024	
1596	658708	3576	95	35.1	100884.7	24.33	227	0	Itachi	08:56:05.802338	19/03/2024	
1597	659814	4095	274	78.6	100884.7	24.33	102	0	Itachi	08:56:06.908235	19/03/2024	
1598	659904	1419	0	5.6	100884.7	24.33	18	0	Itachi	08:56:07.006888	19/03/2024	
1599	659996	766	0	2.9	100884.7	24.33	67	0	Itachi	08:56:07.138995	19/03/2024	
1600	660718	4095	373	101.6	100884.7	24.33	109	0	Itachi	08:56:07.829773	19/03/2024	
1601	660875	260	0	1.0	100884.7	24.33	34	0	Itachi	08:56:07.975211	19/03/2024	
1602	660943	3298	60	26.0	100884.7	24.33	23	0	Itachi	08:56:08.037282	19/03/2024	
1603	661188	473	0	1.8	100884.7	24.33	60	0	Itachi	08:56:08.282464	19/03/2024	
1604	661268	241	0	0.9	100884.7	24.33	18	0	Itachi	08:56:08.362070	19/03/2024	
1605	661390	580	0	2.2	100884.7	24.33	18	0	Itachi	08:56:08.484581	19/03/2024	
1606	661743	791	0	3.0	100884.7	24.33	60	0	Itachi	08:56:08.837920	19/03/2024	
1607	661774	2106	2	9.1	100884.7	24.33	17	0	Itachi	08:56:08.868206	19/03/2024	
1608	662330	577	0	2.2	100884.7	24.33	60	0	Itachi	08:56:09.424911	19/03/2024	
1609	662777	198	0	0.8	100884.7	24.33	59	0	Itachi	08:56:09.877054	19/03/2024	
1610	662863	478	0	1.8	100884.7	24.33	23	0	Itachi	08:56:09.957199	19/03/2024	
1611	662999	4095	472	124.6	100884.7	24.33	102	0	Itachi	08:56:10.135924	19/03/2024	
1612	663086	677	0	2.6	100884.7	24.33	18	0	Itachi	08:56:10.180706	19/03/2024	
1613	663371	2538	6	12.0	100884.7	24.33	17	0	Itachi	08:56:10.465495	19/03/2024	
1614	663401	511	0	1.9	100884.7	24.33	18	0	Itachi	08:56:10.495172	19/03/2024	
1615	663449	2654	9	13.1	100884.7	24.33	17	0	Itachi	08:56:10.543329	19/03/2024	
1616	664815	4095	571	147.6	100884.7	24.33	144	1	Itachi	08:56:11.909083	19/03/2024	
1617	665772	2157	0	9.3	100884.7	24.33	101	0	Itachi	08:56:12.866221	19/03/2024	
1618	666187	1438	0	5.7	100884.7	24.33	59	0	Itachi	08:56:13.281677	19/03/2024	
1619	666302	747	0	2.8	100884.7	24.33	18	0	Itachi	08:56:13.402103	19/03/2024	
1620	666631	3456	81	31.3	100884.7	24.33	66	0	Itachi	08:56:13.742762	19/03/2024	
1621	666685	3322	66	27.3	100884.7	24.33	35	0	Itachi	08:56:13.785469	19/03/2024	
1622	667092	3971	200	60.9	100884.7	24.33	66	0	Itachi	08:56:14.186968	19/03/2024	
1623	667144	4092	226	67.5	100884.7	24.33	18	0	Itachi	08:56:14.238950	19/03/2024	
1624	667201	2629	10	13.0	100884.7	24.33	18	0	Itachi	08:56:14.295747	19/03/2024	
1625	667237	751	0	2.8	100884.7	24.33	17	0	Itachi	08:56:14.331487	19/03/2024	
1626	667790	798	0	3.0	100884.7	24.33	60	0	Itachi	08:56:14.884228	19/03/2024	
1627	668060	4095	244	71.7	100884.7	24.33	60	0	Itachi	08:56:15.154711	19/03/2024	
1628	668564	741	0	2.8	100884.7	24.33	60	0	Itachi	08:56:15.658657	19/03/2024	
1629	669241	4095	840	210.1	100884.7	24.33	60	1	Itachi	08:56:16.359856	19/03/2024	
1630	669412	833	0	3.2	100884.7	24.33	42	1	Itachi	08:56:16.505735	19/03/2024	
1631	669646	4095	1214	297.0	100884.7	24.33	59	0	Itachi	08:56:16.740495	19/03/2024	
1632	670071	1913	0	8.0	100884.7	24.33	60	0	Itachi	08:56:17.164967	19/03/2024	
1633	670125	677	0	2.6	100884.7	24.33	17	0	Itachi	08:56:17.219721	19/03/2024	
1634	671395	1204	0	4.7	100884.7	24.33	101	0	Itachi	08:56:18.489142	19/03/2024	
1635	672199	4095	296	83.7	100884.7	24.33	102	1	Itachi	08:56:19.293639	19/03/2024	
1636	672326	750	0	2.8	100884.7	24.33	18	0	Itachi	08:56:19.420913	19/03/2024	
1637	672421	2971	27	17.7	100884.7	24.33	17	1	Itachi	08:56:19.514852	19/03/2024	
1638	672826	1133	0	4.4	100884.7	24.33	59	0	Itachi	08:56:19.920439	19/03/2024	
1639	672876	1931	0	8.1	100884.7	24.33	18	0	Itachi	08:56:19.977572	19/03/2024	
1640	673126	1201	0	4.6	100884.7	24.33	67	0	Itachi	08:56:20.244109	19/03/2024	
1641	674260	4095	1460	354.1	100884.7	24.33	125	1	Itachi	08:56:21.362014	19/03/2024	
1642	674998	802	0	3.0	100884.7	24.33	152	0	Itachi	08:56:22.134853	19/03/2024	
1643	675338	638	0	2.4	100884.7	24.33	17	0	Itachi	08:56:22.432431	19/03/2024	
1644	675748	272	0	1.0	100884.7	24.33	61	0	Itachi	08:56:22.842802	19/03/2024	
1645	676175	1126	0	4.3	100884.7	24.33	59	0	Itachi	08:56:23.269556	19/03/2024	
1646	676294	738	0	2.8	100884.7	24.33	18	0	Itachi	08:56:23.388034	19/03/2024	
1647	676575	1242	0	4.8	100884.7	24.33	59	0	Itachi	08:56:23.669290	19/03/2024	
1648	676662	1655	0	6.7	100884.7	24.33	17	0	Itachi	08:56:23.755914	19/03/2024	
1649	676908	1535	0	6.1	100884.7	24.33	17	0	Itachi	08:56:24.008570	19/03/2024	
1650	677144	1424	0	5.6	100884.7	24.33	67	0	Itachi	08:56:24.238787	19/03/2024	
1651	677199	1923	1	8.0	100884.7	24.33	17	0	Itachi	08:56:24.293105	19/03/2024	
1652	678067	473	0	1.8	100884.7	24.33	110	0	Itachi	08:56:25.161922	19/03/2024	
1653	680364	4095	634	162.2	100884.7	24.33	185	1	Itachi	08:56:27.458531	19/03/2024	
1654	680444	849	0	3.2	100884.7	24.33	18	0	Itachi	08:56:27.538889	19/03/2024	
1655	680636	754	0	2.9	100884.7	24.33	59	0	Itachi	08:56:27.730313	19/03/2024	
1656	680992	954	0	3.6	100884.7	24.33	60	0	Itachi	08:56:28.128938	19/03/2024	
1657	681260	3714	148	47.5	100884.7	24.33	60	0	Itachi	08:56:28.354621	19/03/2024	
1658	681482	3524	89	33.5	100884.7	24.33	18	0	Itachi	08:56:28.576151	19/03/2024	
1659	681554	4095	397	107.2	100884.7	24.33	59	0	Itachi	08:56:28.654781	19/03/2024	
1660	681973	846	0	3.2	100884.7	24.33	23	0	Itachi	08:56:29.083903	19/03/2024	
1661	682147	4095	511	133.7	100884.7	24.33	77	0	Itachi	08:56:29.247108	19/03/2024	
1662	682256	1592	0	6.4	100884.7	24.33	24	0	Itachi	08:56:29.350982	19/03/2024	
1663	683379	1016	0	3.9	100884.7	24.33	101	1	Itachi	08:56:30.472986	19/03/2024	
1664	683861	608	0	2.3	100884.7	24.33	59	0	Itachi	08:56:30.955568	19/03/2024	
1665	684548	1561	0	6.2	100884.7	24.33	102	0	Itachi	08:56:31.642343	19/03/2024	
1666	685181	2915	25	17.0	100884.7	24.33	61	0	Itachi	08:56:32.276074	19/03/2024	
1667	685282	4095	330	91.6	100884.7	24.33	17	0	Itachi	08:56:32.376515	19/03/2024	
1668	685463	2924	24	16.9	100884.7	24.33	19	0	Itachi	08:56:32.557917	19/03/2024	
1669	685600	2566	6	12.2	100884.7	24.33	59	0	Itachi	08:56:32.700406	19/03/2024	
1670	686406	2582	6	12.3	100884.7	24.33	66	0	Itachi	08:56:33.500928	19/03/2024	
1671	686556	543	0	2.1	100884.7	24.33	59	0	Itachi	08:56:33.650017	19/03/2024	
1672	687068	1085	0	4.2	100884.7	24.33	59	0	Itachi	08:56:34.162234	19/03/2024	
1673	687348	1139	0	4.4	100884.7	24.33	18	0	Itachi	08:56:34.442651	19/03/2024	
1674	687544	3421	75	29.8	100884.7	24.33	59	0	Itachi	08:56:34.638225	19/03/2024	
1675	687827	864	0	3.3	100884.7	24.33	17	0	Itachi	08:56:34.921678	19/03/2024	
1676	688078	1596	0	6.4	100884.7	24.33	61	1	Itachi	08:56:35.172595	19/03/2024	
1677	688347	2754	12	14.1	100884.7	24.33	17	0	Itachi	08:56:35.441579	19/03/2024	
1678	688648	357	0	1.3	100884.7	24.33	60	0	Itachi	08:56:35.750231	19/03/2024	
1679	688902	4095	1033	254.9	100884.7	24.33	25	1	Itachi	08:56:35.995905	19/03/2024	
1680	689356	398	0	1.5	100884.7	24.33	59	0	Itachi	08:56:36.472959	19/03/2024	
1681	689847	2786	16	14.8	100884.7	24.33	82	1	Itachi	08:56:36.947085	19/03/2024	
1682	690670	1725	0	7.0	100884.7	24.33	107	0	Itachi	08:56:37.764393	19/03/2024	
1683	691069	4095	772	194.3	100884.7	24.33	60	1	Itachi	08:56:38.163150	19/03/2024	
1684	691095	2194	0	9.5	100884.7	24.33	18	0	Itachi	08:56:38.189866	19/03/2024	
1685	692132	1197	0	4.6	100884.7	24.33	101	0	Itachi	08:56:39.226250	19/03/2024	
1686	692184	1836	0	7.6	100884.7	24.33	17	0	Itachi	08:56:39.278605	19/03/2024	
1687	693877	4095	409	110.0	100884.7	24.33	144	1	Itachi	08:56:40.971310	19/03/2024	
1688	694141	192	0	0.7	100884.7	24.33	59	0	Itachi	08:56:41.235248	19/03/2024	
1689	694448	4095	425	113.7	100884.7	24.33	17	0	Itachi	08:56:41.548232	19/03/2024	
1690	694547	1692	0	6.8	100884.7	24.33	65	0	Itachi	08:56:41.641296	19/03/2024	
1691	694609	1961	1	8.3	100884.7	24.33	17	0	Itachi	08:56:41.703292	19/03/2024	
1692	695778	728	0	2.8	100884.7	24.33	102	0	Itachi	08:56:42.873072	19/03/2024	
1693	695821	3590	115	39.4	100884.7	24.33	17	0	Itachi	08:56:42.915347	19/03/2024	
1694	695845	834	0	3.2	100884.7	24.33	18	0	Itachi	08:56:42.939467	19/03/2024	
1695	696355	1513	0	6.0	100884.7	24.33	60	0	Itachi	08:56:43.449330	19/03/2024	
1696	696482	260	0	1.0	100884.7	24.33	17	0	Itachi	08:56:43.576637	19/03/2024	
1697	697475	1570	0	6.3	100884.7	24.33	102	0	Itachi	08:56:44.569922	19/03/2024	
1698	697876	1226	0	4.8	100884.7	24.33	60	0	Itachi	08:56:44.970936	19/03/2024	
1699	698044	555	0	2.1	100884.7	24.33	59	0	Itachi	08:56:45.138346	19/03/2024	
1700	698641	966	0	3.7	100884.7	24.33	59	0	Itachi	08:56:45.757718	19/03/2024	
1701	698802	834	0	3.2	100884.7	24.33	41	0	Itachi	08:56:45.902437	19/03/2024	
1702	699721	4095	342	94.4	100884.7	24.33	107	0	Itachi	08:56:46.815753	19/03/2024	
1703	700186	638	0	2.4	100884.7	24.33	60	0	Itachi	08:56:47.280083	19/03/2024	
1704	700366	832	0	3.2	100884.7	24.33	25	0	Itachi	08:56:47.468489	19/03/2024	
1705	700634	370	0	1.4	100884.7	24.33	60	0	Itachi	08:56:47.728318	19/03/2024	
1706	701319	901	0	3.4	100884.7	24.33	59	0	Itachi	08:56:48.413679	19/03/2024	
1707	701799	833	0	3.2	100884.7	24.33	60	0	Itachi	08:56:48.893250	19/03/2024	
1708	702094	4095	313	87.7	100884.7	24.33	59	1	Itachi	08:56:49.188201	19/03/2024	
1709	702394	803	0	3.0	100884.7	24.33	17	0	Itachi	08:56:49.488164	19/03/2024	
1710	703776	3646	113	39.4	100884.7	24.33	144	0	Itachi	08:56:50.895693	19/03/2024	
1711	704272	772	0	2.9	100884.7	24.33	84	0	Itachi	08:56:51.366651	19/03/2024	
1712	705220	741	0	2.8	100884.7	24.33	102	0	Itachi	08:56:52.314545	19/03/2024	
1713	705891	1983	0	8.3	100884.7	24.33	61	0	Itachi	08:56:52.985986	19/03/2024	
1714	706324	197	0	0.8	100884.7	24.33	60	0	Itachi	08:56:53.419840	19/03/2024	
1715	707188	1692	0	6.8	100884.7	24.33	101	0	Itachi	08:56:54.282234	19/03/2024	
1716	707443	1579	0	6.3	100884.7	24.33	17	0	Itachi	08:56:54.537654	19/03/2024	
1717	708137	3901	178	55.5	100884.7	24.33	103	0	Itachi	08:56:55.231957	19/03/2024	
1718	708771	458	0	1.7	100884.7	24.33	60	1	Itachi	08:56:55.865878	19/03/2024	
1719	709059	1966	1	8.3	100884.7	24.33	59	0	Itachi	08:56:56.153388	19/03/2024	
1720	710384	904	0	3.4	100884.7	24.33	101	0	Itachi	08:56:57.514138	19/03/2024	
1721	710902	471	0	1.8	100884.7	24.33	95	0	Itachi	08:56:58.004488	19/03/2024	
1722	711173	460	0	1.7	100884.7	24.33	68	0	Itachi	08:56:58.267303	19/03/2024	
1723	711342	2924	22	16.6	100884.7	24.33	17	0	Itachi	08:56:58.436401	19/03/2024	
1724	711452	1834	0	7.6	100884.7	24.33	18	0	Itachi	08:56:58.546370	19/03/2024	
1725	711756	3535	91	33.9	100884.7	24.33	60	0	Itachi	08:56:58.850572	19/03/2024	
1726	712117	4095	1018	251.4	100884.7	24.33	60	1	Itachi	08:56:59.219594	19/03/2024	
1727	712335	337	0	1.3	100884.7	24.33	27	0	Itachi	08:56:59.429922	19/03/2024	
1728	712771	611	0	2.3	100884.7	24.33	59	0	Itachi	08:56:59.865397	19/03/2024	
1729	714364	875	0	3.3	100884.7	24.33	144	0	Itachi	08:57:01.458955	19/03/2024	
1730	714890	830	0	3.2	100884.7	24.33	61	0	Itachi	08:57:01.990845	19/03/2024	
1731	715197	2834	18	15.4	100884.7	24.33	66	0	Itachi	08:57:02.292134	19/03/2024	
1732	715570	4095	291	82.6	100884.7	24.33	59	1	Itachi	08:57:02.663927	19/03/2024	
1733	716042	4095	1212	296.5	100884.7	24.33	60	0	Itachi	08:57:03.137385	19/03/2024	
1734	716552	899	0	3.4	100884.7	24.33	60	0	Itachi	08:57:03.647003	19/03/2024	
1735	716740	3932	158	51.1	100884.7	24.33	17	0	Itachi	08:57:03.834256	19/03/2024	
1736	717064	4044	209	63.3	100884.7	24.33	60	0	Itachi	08:57:04.158976	19/03/2024	
1737	717914	548	0	2.1	100884.7	24.33	60	0	Itachi	08:57:05.009098	19/03/2024	
1738	717935	4095	600	154.4	100884.7	24.33	17	1	Itachi	08:57:05.029341	19/03/2024	
1739	718048	633	0	2.4	100884.7	24.33	59	0	Itachi	08:57:05.142521	19/03/2024	
1740	718259	761	0	2.9	100884.7	24.33	18	0	Itachi	08:57:05.376289	19/03/2024	
1741	718326	2514	6	11.9	100884.7	24.33	39	0	Itachi	08:57:05.426245	19/03/2024	
1742	718720	702	0	2.7	100884.7	24.33	65	0	Itachi	08:57:05.814178	19/03/2024	
1743	719153	3001	30	18.4	100884.7	24.33	59	0	Itachi	08:57:06.247592	19/03/2024	
1744	720241	3404	73	29.3	100884.7	24.33	102	0	Itachi	08:57:07.335340	19/03/2024	
1745	720771	1436	0	5.7	100884.7	24.33	59	0	Itachi	08:57:07.865454	19/03/2024	
1746	721281	707	0	2.7	100884.7	24.33	60	0	Itachi	08:57:08.376054	19/03/2024	
1747	721326	4095	920	228.7	100884.7	24.33	17	1	Itachi	08:57:08.420245	19/03/2024	
1748	721712	4095	803	201.5	100884.7	24.33	59	1	Itachi	08:57:08.806472	19/03/2024	
1749	722418	2041	2	8.7	100884.7	24.33	60	0	Itachi	08:57:09.512292	19/03/2024	
1750	722915	417	0	1.6	100884.7	24.33	59	0	Itachi	08:57:10.015340	19/03/2024	
1751	723812	4095	514	134.4	100884.7	24.33	107	0	Itachi	08:57:10.906268	19/03/2024	
1752	724313	4095	1657	399.8	100884.7	24.33	67	1	Itachi	08:57:11.407376	19/03/2024	
1753	724426	2822	16	15.1	100884.7	24.33	17	0	Itachi	08:57:11.520572	19/03/2024	
1754	724841	4095	1567	378.9	100884.7	24.33	61	0	Itachi	08:57:11.936125	19/03/2024	
1755	725136	1377	0	5.4	100884.7	24.33	59	0	Itachi	08:57:12.230348	19/03/2024	
1756	726224	539	0	2.0	100884.7	24.33	101	0	Itachi	08:57:13.318364	19/03/2024	
1757	726260	912	0	3.5	100884.7	24.33	17	0	Itachi	08:57:13.354381	19/03/2024	
1758	726393	681	0	2.6	100884.7	24.33	19	0	Itachi	08:57:13.487968	19/03/2024	
1759	726744	219	0	0.8	100884.7	24.33	59	0	Itachi	08:57:13.838652	19/03/2024	
1760	728949	300	0	1.1	100884.7	24.33	186	0	Itachi	08:57:16.066272	19/03/2024	
1761	729987	1585	0	6.3	100884.7	24.33	166	0	Itachi	08:57:17.129270	19/03/2024	
1762	730660	1804	0	7.4	100884.7	24.33	107	0	Itachi	08:57:17.754424	19/03/2024	
1763	730811	883	0	3.4	100884.7	24.33	17	0	Itachi	08:57:17.905837	19/03/2024	
1764	730834	860	0	3.3	100884.7	24.33	17	0	Itachi	08:57:17.928784	19/03/2024	
1765	731293	3753	150	48.2	100884.7	24.33	59	0	Itachi	08:57:18.387734	19/03/2024	
1766	733047	872	0	3.3	100884.7	24.33	187	0	Itachi	08:57:20.142085	19/03/2024	
1767	733318	1154	0	4.5	100884.7	24.33	17	0	Itachi	08:57:20.412742	19/03/2024	
1768	733483	651	0	2.5	100884.7	24.33	17	0	Itachi	08:57:20.577481	19/03/2024	
1769	733652	827	0	3.1	100884.7	24.33	60	0	Itachi	08:57:20.746414	19/03/2024	
1770	733761	4095	1730	416.8	100884.7	24.33	17	1	Itachi	08:57:20.860961	19/03/2024	
1771	733920	813	0	3.1	100884.7	24.33	23	0	Itachi	08:57:21.014793	19/03/2024	
1772	734291	1482	0	5.9	100884.7	24.33	60	0	Itachi	08:57:21.385452	19/03/2024	
1773	734417	720	0	2.7	100884.7	24.33	18	0	Itachi	08:57:21.511197	19/03/2024	
1774	735285	2937	25	17.2	100884.7	24.33	102	0	Itachi	08:57:22.379991	19/03/2024	
1775	735763	861	0	3.3	100884.7	24.33	59	0	Itachi	08:57:22.857276	19/03/2024	
1776	735960	2886	21	16.2	100884.7	24.33	17	0	Itachi	08:57:23.054574	19/03/2024	
1777	736070	825	0	3.1	100884.7	24.33	61	0	Itachi	08:57:23.165098	19/03/2024	
1778	736106	1922	0	8.0	100884.7	24.33	25	0	Itachi	08:57:23.208553	19/03/2024	
1779	736963	665	0	2.5	100884.7	24.33	60	0	Itachi	08:57:24.057610	19/03/2024	
1780	738224	209	0	0.8	100884.7	24.33	144	0	Itachi	08:57:25.341144	19/03/2024	
1781	738732	4083	211	64.0	100884.7	24.33	82	0	Itachi	08:57:25.832343	19/03/2024	
1782	739118	1668	0	6.7	100884.7	24.33	65	0	Itachi	08:57:26.212328	19/03/2024	
1783	739225	1484	0	5.9	100884.7	24.33	18	0	Itachi	08:57:26.320191	19/03/2024	
1784	739390	232	0	0.9	100884.7	24.33	17	0	Itachi	08:57:26.484486	19/03/2024	
1785	739449	765	0	2.9	100884.7	24.33	18	0	Itachi	08:57:26.543583	19/03/2024	
1786	739636	2689	14	13.9	100884.7	24.33	60	0	Itachi	08:57:26.730578	19/03/2024	
1787	740828	2789	19	15.2	100884.7	24.33	103	0	Itachi	08:57:27.923128	19/03/2024	
1788	740965	2108	0	9.0	100884.7	24.33	17	0	Itachi	08:57:28.059213	19/03/2024	
1789	741179	481	0	1.8	100884.7	24.33	60	0	Itachi	08:57:28.274173	19/03/2024	
1790	741339	4095	648	165.5	100884.7	24.33	18	1	Itachi	08:57:28.433727	19/03/2024	
1791	741799	763	0	2.9	100884.7	24.33	60	0	Itachi	08:57:28.918727	19/03/2024	
1792	741869	430	0	1.6	100884.7	24.33	43	0	Itachi	08:57:28.963916	19/03/2024	
1793	742168	2514	8	12.1	100884.7	24.33	59	0	Itachi	08:57:29.262942	19/03/2024	
1794	742455	2281	4	10.3	100884.7	24.33	19	0	Itachi	08:57:29.549945	19/03/2024	
1795	742867	722	0	2.7	100884.7	24.33	59	0	Itachi	08:57:29.961719	19/03/2024	
1796	742892	928	0	3.5	100884.7	24.33	18	0	Itachi	08:57:29.986112	19/03/2024	
1797	743613	2553	9	12.4	100884.7	24.33	102	0	Itachi	08:57:30.708142	19/03/2024	
1798	744241	2357	1	10.5	100884.7	24.33	59	0	Itachi	08:57:31.334962	19/03/2024	
1799	744277	2593	8	12.6	100884.7	24.33	17	0	Itachi	08:57:31.371349	19/03/2024	
1800	744318	758	0	2.9	100884.7	24.33	17	0	Itachi	08:57:31.438055	19/03/2024	
1801	744907	1584	0	6.3	100884.7	24.33	85	0	Itachi	08:57:32.015069	19/03/2024	
1802	745157	1785	0	7.3	100884.7	24.33	73	0	Itachi	08:57:32.251714	19/03/2024	
1803	745180	1445	0	5.7	100884.7	24.33	26	0	Itachi	08:57:32.282623	19/03/2024	
1804	745449	3187	48	22.9	100884.7	24.33	18	0	Itachi	08:57:32.543239	19/03/2024	
1805	745842	1292	0	5.0	100884.7	24.33	60	0	Itachi	08:57:32.937126	19/03/2024	
1806	746241	1561	0	6.2	100884.7	24.33	59	0	Itachi	08:57:33.335335	19/03/2024	
1807	746615	3851	177	54.9	100884.7	24.33	60	0	Itachi	08:57:33.710123	19/03/2024	
1808	747142	2714	12	13.8	100884.7	24.33	59	0	Itachi	08:57:34.236905	19/03/2024	
1809	747412	4044	212	64.0	100884.7	24.33	19	1	Itachi	08:57:34.506903	19/03/2024	
1810	748883	1428	0	5.6	100884.7	24.33	144	0	Itachi	08:57:35.977920	19/03/2024	
1811	748950	1797	0	7.4	100884.7	24.33	17	0	Itachi	08:57:36.050378	19/03/2024	
1812	749231	4095	435	116.0	100884.7	24.33	66	0	Itachi	08:57:36.326183	19/03/2024	
1813	749762	3014	33	19.0	100884.7	24.33	59	0	Itachi	08:57:36.856360	19/03/2024	
1814	749887	605	0	2.3	100884.7	24.33	17	0	Itachi	08:57:36.981706	19/03/2024	
1815	750402	945	0	3.6	100884.7	24.33	60	0	Itachi	08:57:37.496277	19/03/2024	
1816	751851	1566	0	6.2	100884.7	24.33	143	0	Itachi	08:57:38.945435	19/03/2024	
1817	751905	843	0	3.2	100884.7	24.33	17	0	Itachi	08:57:38.999724	19/03/2024	
1818	752438	2788	15	14.7	100884.7	24.33	61	0	Itachi	08:57:39.533107	19/03/2024	
1819	752597	1496	0	5.9	100884.7	24.33	60	0	Itachi	08:57:39.692142	19/03/2024	
1820	752652	4095	2169	518.8	100884.7	24.33	17	0	Itachi	08:57:39.763551	19/03/2024	
1821	753231	717	0	2.7	100884.7	24.33	78	0	Itachi	08:57:40.337266	19/03/2024	
1822	753740	1041	0	4.0	100884.7	24.33	70	0	Itachi	08:57:40.834715	19/03/2024	
1823	753814	2202	1	9.6	100884.7	24.33	18	0	Itachi	08:57:40.908414	19/03/2024	
1824	754311	962	0	3.7	100884.7	24.33	60	0	Itachi	08:57:41.406149	19/03/2024	
1825	754482	1418	0	5.6	100884.7	24.33	18	0	Itachi	08:57:41.577107	19/03/2024	
1826	754992	873	0	3.3	100884.7	24.33	103	0	Itachi	08:57:42.129532	19/03/2024	
1827	755752	607	0	2.3	100884.7	24.33	101	0	Itachi	08:57:42.846996	19/03/2024	
1828	755842	3571	104	37.0	100884.7	24.33	18	0	Itachi	08:57:42.936998	19/03/2024	
1829	756572	924	0	3.5	100884.7	24.33	102	0	Itachi	08:57:43.675082	19/03/2024	
1830	756707	3696	128	43.0	100884.7	24.33	25	0	Itachi	08:57:43.802157	19/03/2024	
1831	756780	2958	25	17.3	100884.7	24.33	18	0	Itachi	08:57:43.880421	19/03/2024	
1832	757641	4095	626	160.4	100884.7	24.33	107	0	Itachi	08:57:44.735648	19/03/2024	
1833	757841	4095	1555	376.2	100884.7	24.33	18	1	Itachi	08:57:44.935180	19/03/2024	
1834	757869	796	0	3.0	100884.7	24.33	17	0	Itachi	08:57:44.963839	19/03/2024	
1835	758954	1223	0	4.7	100884.7	24.33	103	0	Itachi	08:57:46.049057	19/03/2024	
1836	758996	644	0	2.4	100884.7	24.33	60	0	Itachi	08:57:46.133489	19/03/2024	
1837	759159	4095	248	72.6	100884.7	24.33	60	0	Itachi	08:57:46.253761	19/03/2024	
1838	759327	412	0	1.6	100884.7	24.33	18	0	Itachi	08:57:46.421955	19/03/2024	
1839	759630	544	0	2.1	100884.7	24.33	60	0	Itachi	08:57:46.725090	19/03/2024	
1840	759799	2019	0	8.5	100884.7	24.33	17	0	Itachi	08:57:46.910698	19/03/2024	
1841	760267	4095	338	93.5	100884.7	24.33	77	0	Itachi	08:57:47.373200	19/03/2024	
1842	760697	3417	75	29.8	100884.7	24.33	72	0	Itachi	08:57:47.792144	19/03/2024	
1843	760784	2680	13	13.7	100884.7	24.33	17	0	Itachi	08:57:47.878895	19/03/2024	
1844	762256	1596	0	6.4	100884.7	24.33	144	0	Itachi	08:57:49.350899	19/03/2024	
1845	762404	4095	745	188.0	100884.7	24.33	18	0	Itachi	08:57:49.498227	19/03/2024	
1846	762819	1081	0	4.2	100884.7	24.33	59	0	Itachi	08:57:49.913982	19/03/2024	
1847	762982	2398	3	10.9	100884.7	24.33	17	0	Itachi	08:57:50.076151	19/03/2024	
1848	763236	834	0	3.2	100884.7	24.33	60	0	Itachi	08:57:50.331139	19/03/2024	
1849	763806	3583	105	37.3	100884.7	24.33	59	0	Itachi	08:57:50.900399	19/03/2024	
1850	763861	4095	342	94.4	100884.7	24.33	18	1	Itachi	08:57:50.955821	19/03/2024	
1851	764061	223	0	0.8	100884.7	24.33	59	0	Itachi	08:57:51.161297	19/03/2024	
1852	764233	1219	0	4.7	100884.7	24.33	24	0	Itachi	08:57:51.328138	19/03/2024	
1853	764371	645	0	2.4	100884.7	24.33	17	0	Itachi	08:57:51.465208	19/03/2024	
1854	764546	1444	0	5.7	100884.7	24.33	60	0	Itachi	08:57:51.641288	19/03/2024	
1855	764627	294	0	1.1	100884.7	24.33	17	0	Itachi	08:57:51.721557	19/03/2024	
1856	765107	4095	665	169.4	100884.7	24.33	59	1	Itachi	08:57:52.201494	19/03/2024	
1857	765261	2589	9	12.7	100884.7	24.33	18	0	Itachi	08:57:52.355912	19/03/2024	
1858	765444	652	0	2.5	100884.7	24.33	25	0	Itachi	08:57:52.546787	19/03/2024	
1859	765592	4095	353	97.0	100884.7	24.33	60	1	Itachi	08:57:52.686321	19/03/2024	
1860	766045	203	0	0.8	100884.7	24.33	60	0	Itachi	08:57:53.156957	19/03/2024	
1861	767159	4095	265	76.5	100884.7	24.33	118	0	Itachi	08:57:54.265325	19/03/2024	
1862	767360	1562	0	6.2	100884.7	24.33	29	0	Itachi	08:57:54.454682	19/03/2024	
1863	767859	258	0	1.0	100884.7	24.33	60	0	Itachi	08:57:54.953702	19/03/2024	
1864	768127	750	0	2.8	100884.7	24.33	60	0	Itachi	08:57:55.221661	19/03/2024	
1865	769446	828	0	3.1	100884.7	24.33	103	0	Itachi	08:57:56.541259	19/03/2024	
1866	770586	209	0	0.8	100884.7	24.33	143	0	Itachi	08:57:57.680413	19/03/2024	
1867	773255	818	0	3.1	100884.7	24.33	227	0	Itachi	08:58:00.349382	19/03/2024	
1868	773309	4095	688	174.8	100884.7	24.33	17	0	Itachi	08:58:00.403314	19/03/2024	
1869	773905	2809	19	15.4	100884.7	24.33	60	0	Itachi	08:58:01.000162	19/03/2024	
1870	774050	1445	0	5.7	100884.7	24.33	59	0	Itachi	08:58:01.145085	19/03/2024	
1871	774484	738	0	2.8	100884.7	24.33	59	0	Itachi	08:58:01.645551	19/03/2024	
1872	775433	1845	0	7.6	100884.7	24.33	127	0	Itachi	08:58:02.528180	19/03/2024	
1873	775498	4095	913	227.0	100884.7	24.33	101	1	Itachi	08:58:02.634507	19/03/2024	
1874	776870	2710	14	14.0	100884.7	24.33	101	1	Itachi	08:58:03.964319	19/03/2024	
1875	777888	621	0	2.3	100884.7	24.33	101	0	Itachi	08:58:04.982776	19/03/2024	
1876	779235	3858	179	55.4	100884.7	24.33	144	0	Itachi	08:58:06.329497	19/03/2024	
1877	779742	4095	1614	389.9	100884.7	24.33	60	0	Itachi	08:58:06.836992	19/03/2024	
1878	780313	251	0	1.0	100884.7	24.33	59	0	Itachi	08:58:07.407650	19/03/2024	
1879	781917	4095	684	173.9	100884.7	24.33	145	0	Itachi	08:58:09.020449	19/03/2024	
1880	782384	1962	1	8.3	100884.7	24.33	67	0	Itachi	08:58:09.504031	19/03/2024	
1881	782858	338	0	1.3	100884.7	24.33	85	0	Itachi	08:58:09.966218	19/03/2024	
1882	782999	476	0	1.8	100884.7	24.33	116	0	Itachi	08:58:10.136524	19/03/2024	
1883	783122	2080	0	8.9	100884.7	24.33	18	0	Itachi	08:58:10.217203	19/03/2024	
1884	784117	1664	1	6.7	100884.7	24.33	102	0	Itachi	08:58:11.211707	19/03/2024	
1885	784180	948	0	3.6	100884.7	24.33	18	0	Itachi	08:58:11.275034	19/03/2024	
1886	784237	4095	501	131.4	100884.7	24.33	17	0	Itachi	08:58:11.331407	19/03/2024	
1887	784967	589	0	2.2	100884.7	24.33	59	0	Itachi	08:58:12.061763	19/03/2024	
1888	785193	2627	6	12.6	100884.7	24.33	60	1	Itachi	08:58:12.286942	19/03/2024	
1889	785749	276	0	1.0	100884.7	24.33	60	0	Itachi	08:58:12.844116	19/03/2024	
1890	785933	3689	115	40.1	100884.7	24.33	18	0	Itachi	08:58:13.027965	19/03/2024	
1891	786148	1795	0	7.4	100884.7	24.33	59	0	Itachi	08:58:13.249029	19/03/2024	
1892	787619	4095	491	129.0	100884.7	24.33	149	1	Itachi	08:58:14.713285	19/03/2024	
1893	787664	4095	1352	329.0	100884.7	24.33	17	0	Itachi	08:58:14.758471	19/03/2024	
1894	788639	3295	60	25.9	100884.7	24.33	101	0	Itachi	08:58:15.733593	19/03/2024	
1895	789666	429	0	1.6	100884.7	24.33	102	0	Itachi	08:58:16.760885	19/03/2024	
1896	789826	513	0	1.9	100884.7	24.33	18	0	Itachi	08:58:16.920265	19/03/2024	
1897	789885	3155	42	21.6	100884.7	24.33	18	0	Itachi	08:58:16.980039	19/03/2024	
1898	790565	1641	0	6.6	100884.7	24.33	102	0	Itachi	08:58:17.660345	19/03/2024	
1899	791691	4095	661	168.5	100884.7	24.33	101	1	Itachi	08:58:18.785510	19/03/2024	
1900	792636	3889	187	57.4	100884.7	24.33	102	0	Itachi	08:58:19.747444	19/03/2024	
1901	793748	875	0	3.3	100884.7	24.33	119	0	Itachi	08:58:20.854570	19/03/2024	
1902	793898	4095	274	78.6	100884.7	24.33	28	0	Itachi	08:58:20.992629	19/03/2024	
1903	794376	534	0	2.0	100884.7	24.33	69	0	Itachi	08:58:21.471170	19/03/2024	
1904	794779	1770	0	7.2	100884.7	24.33	60	0	Itachi	08:58:21.874016	19/03/2024	
1905	795043	879	0	3.3	100884.7	24.33	59	0	Itachi	08:58:22.137451	19/03/2024	
1906	795161	738	0	2.8	100884.7	24.33	18	0	Itachi	08:58:22.256002	19/03/2024	
1907	795593	3572	99	35.9	100884.7	24.33	59	0	Itachi	08:58:22.687357	19/03/2024	
1908	796228	250	0	0.9	100884.7	24.33	59	0	Itachi	08:58:23.322403	19/03/2024	
1909	796287	4095	404	108.8	100884.7	24.33	17	1	Itachi	08:58:23.381250	19/03/2024	
1910	797049	3700	123	41.9	100884.7	24.33	101	0	Itachi	08:58:24.143455	19/03/2024	
1911	798102	4095	273	78.4	100884.7	24.33	102	0	Itachi	08:58:25.203055	19/03/2024	
1912	798365	201	0	0.8	100884.7	24.33	23	0	Itachi	08:58:25.459656	19/03/2024	
1913	798416	3208	52	23.8	100884.7	24.33	18	0	Itachi	08:58:25.510568	19/03/2024	
1914	798673	2645	10	13.1	100884.7	24.33	60	0	Itachi	08:58:25.767585	19/03/2024	
1915	798816	2517	6	11.9	100884.7	24.33	17	0	Itachi	08:58:25.910843	19/03/2024	
1916	799258	2091	1	9.0	100884.7	24.33	60	0	Itachi	08:58:26.352683	19/03/2024	
1917	799697	4095	468	123.7	100884.7	24.33	59	0	Itachi	08:58:26.791900	19/03/2024	
1918	799846	654	0	2.5	100884.7	24.33	18	0	Itachi	08:58:26.940823	19/03/2024	
1919	800079	388	0	1.5	100884.7	24.33	60	0	Itachi	08:58:27.173356	19/03/2024	
1920	801159	202	0	0.8	100884.7	24.33	101	0	Itachi	08:58:28.270794	19/03/2024	
1921	802061	1082	0	4.2	100884.7	24.33	118	0	Itachi	08:58:29.166936	19/03/2024	
1922	802200	1005	0	3.8	100884.7	24.33	30	0	Itachi	08:58:29.295066	19/03/2024	
1923	802351	1542	0	6.1	100884.7	24.33	17	0	Itachi	08:58:29.445339	19/03/2024	
1924	803809	1331	0	5.2	100884.7	24.33	144	0	Itachi	08:58:30.904275	19/03/2024	
1925	805089	667	0	2.5	100884.7	24.33	143	0	Itachi	08:58:32.183816	19/03/2024	
1926	805307	234	0	0.9	100884.7	24.33	19	0	Itachi	08:58:32.402153	19/03/2024	
1927	805570	1730	0	7.0	100884.7	24.33	59	0	Itachi	08:58:32.664982	19/03/2024	
1928	805914	4095	621	159.2	100884.7	24.33	18	1	Itachi	08:58:33.008557	19/03/2024	
1929	807160	2314	2	10.3	100884.7	24.33	151	0	Itachi	08:58:34.254861	19/03/2024	
1930	808901	649	0	2.5	100884.7	24.33	144	0	Itachi	08:58:35.995649	19/03/2024	
1931	808920	2400	5	11.1	100884.7	24.33	18	0	Itachi	08:58:36.020279	19/03/2024	
1932	808967	2244	2	9.9	100884.7	24.33	23	0	Itachi	08:58:36.061521	19/03/2024	
1933	809043	1098	0	4.2	100884.7	24.33	59	0	Itachi	08:58:36.137543	19/03/2024	
1934	809341	4095	570	147.4	100884.7	24.33	18	1	Itachi	08:58:36.435909	19/03/2024	
1935	809954	2778	16	14.8	100884.7	24.33	60	0	Itachi	08:58:37.049297	19/03/2024	
1936	810325	1415	0	5.6	100884.7	24.33	59	0	Itachi	08:58:37.419625	19/03/2024	
1937	810500	237	0	0.9	100884.7	24.33	103	0	Itachi	08:58:37.637190	19/03/2024	
1938	811394	1348	0	5.3	100884.7	24.33	59	0	Itachi	08:58:38.488768	19/03/2024	
1939	811581	1892	1	7.9	100884.7	24.33	60	0	Itachi	08:58:38.675256	19/03/2024	
1940	811799	336	0	1.3	100884.7	24.33	17	0	Itachi	08:58:38.910533	19/03/2024	
1941	812636	848	0	3.2	100884.7	24.33	118	0	Itachi	08:58:39.741552	19/03/2024	
1942	812841	866	0	3.3	100884.7	24.33	28	0	Itachi	08:58:39.935532	19/03/2024	
1943	812900	2811	16	15.0	100884.7	24.33	17	0	Itachi	08:58:39.994929	19/03/2024	
1944	813633	1908	0	7.9	100884.7	24.33	103	0	Itachi	08:58:40.728118	19/03/2024	
1945	814375	1232	0	4.8	100884.7	24.33	59	0	Itachi	08:58:41.469521	19/03/2024	
1946	814471	4095	336	93.0	100884.7	24.33	17	1	Itachi	08:58:41.565131	19/03/2024	
1947	816144	1932	0	8.1	100884.7	24.33	185	0	Itachi	08:58:43.238867	19/03/2024	
1948	816243	738	0	2.8	100884.7	24.33	18	1	Itachi	08:58:43.337237	19/03/2024	
1949	816367	4095	573	148.1	100884.7	24.33	18	1	Itachi	08:58:43.461987	19/03/2024	
1950	816604	3653	118	40.5	100884.7	24.33	60	0	Itachi	08:58:43.699232	19/03/2024	
1951	818169	4095	621	159.2	100884.7	24.33	143	1	Itachi	08:58:45.288048	19/03/2024	
1952	818494	236	0	0.9	100884.7	24.33	93	0	Itachi	08:58:45.639787	19/03/2024	
1953	818650	843	0	3.2	100884.7	24.33	68	0	Itachi	08:58:45.744668	19/03/2024	
1954	819345	1716	0	7.0	100884.7	24.33	61	0	Itachi	08:58:46.440317	19/03/2024	
1955	819442	867	0	3.3	100884.7	24.33	17	0	Itachi	08:58:46.536371	19/03/2024	
1956	819493	1434	0	5.6	100884.7	24.33	59	0	Itachi	08:58:46.630667	19/03/2024	
1957	819899	978	0	3.7	100884.7	24.33	59	0	Itachi	08:58:46.993854	19/03/2024	
1958	820723	659	0	2.5	100884.7	24.33	103	0	Itachi	08:58:47.818181	19/03/2024	
1959	820829	866	0	3.3	100884.7	24.33	17	0	Itachi	08:58:47.923655	19/03/2024	
1960	821073	914	0	3.5	100884.7	24.33	60	0	Itachi	08:58:48.192901	19/03/2024	
1961	821443	265	0	1.0	100884.7	24.33	44	0	Itachi	08:58:48.551761	19/03/2024	
1962	822079	483	0	1.8	100884.7	24.33	115	0	Itachi	08:58:49.173521	19/03/2024	
1963	822551	901	0	3.4	100884.7	24.33	59	0	Itachi	08:58:49.645924	19/03/2024	
1964	823345	2420	3	11.1	100884.7	24.33	59	0	Itachi	08:58:50.439836	19/03/2024	
1965	823555	2485	3	11.5	100884.7	24.33	61	0	Itachi	08:58:50.650282	19/03/2024	
1966	823582	2833	18	15.4	100884.7	24.33	18	0	Itachi	08:58:50.677129	19/03/2024	
1967	824095	982	0	3.8	100884.7	24.33	60	0	Itachi	08:58:51.190317	19/03/2024	
1968	824566	617	0	2.3	100884.7	24.33	59	0	Itachi	08:58:51.660389	19/03/2024	
1969	825098	3744	134	44.6	100884.7	24.33	59	0	Itachi	08:58:52.192602	19/03/2024	
1970	825947	590	0	2.2	100884.7	24.33	60	0	Itachi	08:58:53.042249	19/03/2024	
1971	825966	248	0	0.9	100884.7	24.33	17	0	Itachi	08:58:53.060419	19/03/2024	
1972	826118	2298	4	10.4	100884.7	24.33	59	0	Itachi	08:58:53.218650	19/03/2024	
1973	826158	900	0	3.4	100884.7	24.33	23	0	Itachi	08:58:53.252884	19/03/2024	
1974	826822	3483	85	32.3	100884.7	24.33	60	0	Itachi	08:58:53.916512	19/03/2024	
1975	826925	862	0	3.3	100884.7	24.33	18	0	Itachi	08:58:54.020068	19/03/2024	
1976	828140	803	0	3.0	100884.7	24.33	143	0	Itachi	08:58:55.234962	19/03/2024	
1977	828382	308	0	1.2	100884.7	24.33	18	0	Itachi	08:58:55.476386	19/03/2024	
1978	828498	4095	1158	283.9	100884.7	24.33	102	0	Itachi	08:58:55.635828	19/03/2024	
1979	830266	1573	0	6.3	100884.7	24.33	152	0	Itachi	08:58:57.360516	19/03/2024	
1980	830331	2501	9	12.1	100884.7	24.33	17	0	Itachi	08:58:57.442711	19/03/2024	
1981	830830	1351	0	5.3	100884.7	24.33	77	0	Itachi	08:58:57.930710	19/03/2024	
1982	831319	2637	11	13.2	100884.7	24.33	65	0	Itachi	08:58:58.419283	19/03/2024	
1983	831391	575	0	2.2	100884.7	24.33	23	0	Itachi	08:58:58.485724	19/03/2024	
1984	831457	3372	72	28.9	100884.7	24.33	17	0	Itachi	08:58:58.551535	19/03/2024	
1985	831634	1028	0	3.9	100884.7	24.33	59	0	Itachi	08:58:58.728669	19/03/2024	
1986	832158	749	0	2.8	100884.7	24.33	60	0	Itachi	08:58:59.252771	19/03/2024	
1987	832336	3459	81	31.3	100884.7	24.33	18	0	Itachi	08:58:59.430783	19/03/2024	
1988	832479	4095	2442	582.2	100884.7	24.33	18	0	Itachi	08:58:59.573598	19/03/2024	
1989	832571	3202	50	23.4	100884.7	24.33	60	0	Itachi	08:58:59.665880	19/03/2024	
1990	832915	1282	0	5.0	100884.7	24.33	18	0	Itachi	08:59:00.009859	19/03/2024	
1991	833346	852	0	3.2	100884.7	24.33	61	0	Itachi	08:59:00.441088	19/03/2024	
1992	833388	1726	0	7.0	100884.7	24.33	17	0	Itachi	08:59:00.488251	19/03/2024	
1993	833466	573	0	2.2	100884.7	24.33	23	0	Itachi	08:59:00.560985	19/03/2024	
1994	833596	2538	4	11.9	100884.7	24.33	60	0	Itachi	08:59:00.691001	19/03/2024	
1995	834103	1592	0	6.4	100884.7	24.33	59	0	Itachi	08:59:01.198038	19/03/2024	
1996	834135	1540	0	6.1	100884.7	24.33	18	0	Itachi	08:59:01.229444	19/03/2024	
1997	834798	1900	0	7.9	100884.7	24.33	59	0	Itachi	08:59:01.892559	19/03/2024	
1998	835255	936	0	3.6	100884.7	24.33	59	0	Itachi	08:59:02.349533	19/03/2024	
1999	835318	729	0	2.8	100884.7	24.33	17	0	Itachi	08:59:02.412952	19/03/2024	
2000	835404	4095	682	173.4	100884.7	24.33	19	1	Itachi	08:59:02.515792	19/03/2024	
2001	835560	3020	32	18.9	100884.7	24.33	77	0	Itachi	08:59:02.661148	19/03/2024	
2002	836280	442	0	1.7	100884.7	24.33	66	0	Itachi	08:59:03.381210	19/03/2024	
2003	836429	1054	0	4.0	100884.7	24.33	23	0	Itachi	08:59:03.523873	19/03/2024	
2004	837410	465	0	1.8	100884.7	24.33	102	0	Itachi	08:59:04.504800	19/03/2024	
2005	837480	4095	741	187.1	100884.7	24.33	19	1	Itachi	08:59:04.574903	19/03/2024	
2006	838142	4025	209	63.2	100884.7	24.33	109	0	Itachi	08:59:05.236640	19/03/2024	
2007	838612	1819	1	7.5	100884.7	24.33	59	0	Itachi	08:59:05.706325	19/03/2024	
2008	838749	3034	34	19.3	100884.7	24.33	18	0	Itachi	08:59:05.844117	19/03/2024	
2009	839220	750	0	2.8	100884.7	24.33	59	0	Itachi	08:59:06.314925	19/03/2024	
2010	839466	1066	0	4.1	100884.7	24.33	18	0	Itachi	08:59:06.560961	19/03/2024	
2011	839574	3049	36	19.7	100884.7	24.33	60	1	Itachi	08:59:06.668169	19/03/2024	
2012	839640	297	0	1.1	100884.7	24.33	17	0	Itachi	08:59:06.740562	19/03/2024	
2013	839874	4095	315	88.2	100884.7	24.33	23	0	Itachi	08:59:06.969018	19/03/2024	
2014	840294	4095	245	71.9	100884.7	24.33	61	1	Itachi	08:59:07.389032	19/03/2024	
2015	840499	4095	1056	260.3	100884.7	24.33	102	0	Itachi	08:59:07.636450	19/03/2024	
2016	840848	3478	84	32.1	100884.7	24.33	17	0	Itachi	08:59:07.942726	19/03/2024	
2017	841869	934	0	3.6	100884.7	24.33	102	0	Itachi	08:59:08.963712	19/03/2024	
2018	841924	593	0	2.2	100884.7	24.33	18	0	Itachi	08:59:09.018552	19/03/2024	
2019	842433	3702	145	46.8	100884.7	24.33	60	0	Itachi	08:59:09.528246	19/03/2024	
2020	842743	354	0	1.3	100884.7	24.33	59	0	Itachi	08:59:09.854967	19/03/2024	
2021	843271	586	0	2.2	100884.7	24.33	78	0	Itachi	08:59:10.371805	19/03/2024	
2022	844202	3747	146	47.3	100884.7	24.33	107	0	Itachi	08:59:11.302922	19/03/2024	
2023	844341	3293	64	26.7	100884.7	24.33	23	0	Itachi	08:59:11.435885	19/03/2024	
2024	844479	765	0	2.9	100884.7	24.33	18	0	Itachi	08:59:11.573511	19/03/2024	
2025	845181	514	0	1.9	100884.7	24.33	101	0	Itachi	08:59:12.275408	19/03/2024	
2026	846114	4095	511	133.7	100884.7	24.33	101	1	Itachi	08:59:13.208498	19/03/2024	
2027	847188	1348	0	5.3	100884.7	24.33	102	0	Itachi	08:59:14.283299	19/03/2024	
2028	847633	602	0	2.3	100884.7	24.33	60	0	Itachi	08:59:14.728262	19/03/2024	
2029	847818	4095	1019	251.7	100884.7	24.33	17	1	Itachi	08:59:14.912714	19/03/2024	
2030	847854	4095	630	161.3	100884.7	24.33	17	1	Itachi	08:59:14.948417	19/03/2024	
2031	848185	1370	0	5.4	100884.7	24.33	59	0	Itachi	08:59:15.279735	19/03/2024	
2032	848801	249	0	0.9	100884.7	24.33	59	0	Itachi	08:59:15.927670	19/03/2024	
2033	849151	1913	0	8.0	100884.7	24.33	93	0	Itachi	08:59:16.246235	19/03/2024	
2034	849831	616	0	2.3	100884.7	24.33	60	0	Itachi	08:59:16.926090	19/03/2024	
2035	849862	510	0	1.9	100884.7	24.33	17	0	Itachi	08:59:16.956562	19/03/2024	
2036	849970	2060	0	8.8	100884.7	24.33	17	0	Itachi	08:59:17.064510	19/03/2024	
2037	850109	1406	0	5.5	100884.7	24.33	59	0	Itachi	08:59:17.203796	19/03/2024	
2038	850171	187	0	0.7	100884.7	24.33	19	0	Itachi	08:59:17.266240	19/03/2024	
2039	850830	1428	0	5.6	100884.7	24.33	59	0	Itachi	08:59:17.924369	19/03/2024	
2040	851568	230	0	0.9	100884.7	24.33	101	0	Itachi	08:59:18.688284	19/03/2024	
2041	851661	4095	258	74.9	100884.7	24.33	44	0	Itachi	08:59:18.764131	19/03/2024	
2042	851877	578	0	2.2	100884.7	24.33	26	0	Itachi	08:59:18.978116	19/03/2024	
2043	852104	689	0	2.6	100884.7	24.33	65	0	Itachi	08:59:19.198538	19/03/2024	
2044	852886	4095	474	125.1	100884.7	24.33	59	1	Itachi	08:59:19.980240	19/03/2024	
2045	853085	3613	123	41.3	100884.7	24.33	59	0	Itachi	08:59:20.179441	19/03/2024	
2046	853552	4095	389	105.3	100884.7	24.33	60	1	Itachi	08:59:20.647136	19/03/2024	
2047	854835	2810	19	15.4	100884.7	24.33	102	0	Itachi	08:59:21.930423	19/03/2024	
2048	854980	539	0	2.0	100884.7	24.33	17	0	Itachi	08:59:22.074707	19/03/2024	
2049	855201	389	0	1.5	100884.7	24.33	60	0	Itachi	08:59:22.296289	19/03/2024	
2050	855328	3522	104	36.6	100884.7	24.33	17	0	Itachi	08:59:22.422716	19/03/2024	
2051	856143	510	0	1.9	100884.7	24.33	102	0	Itachi	08:59:23.237567	19/03/2024	
2052	856172	4095	649	165.7	100884.7	24.33	17	1	Itachi	08:59:23.272421	19/03/2024	
2053	856704	3693	113	39.7	100884.7	24.33	65	0	Itachi	08:59:23.798535	19/03/2024	
2054	856903	3502	100	35.6	100884.7	24.33	17	0	Itachi	08:59:23.997731	19/03/2024	
2055	858289	809	0	3.1	100884.7	24.33	144	0	Itachi	08:59:25.384205	19/03/2024	
2056	858337	723	0	2.7	100884.7	24.33	18	0	Itachi	08:59:25.432301	19/03/2024	
2057	858488	4095	850	212.4	100884.7	24.33	17	0	Itachi	08:59:25.582548	19/03/2024	
2058	858696	714	0	2.7	100884.7	24.33	59	0	Itachi	08:59:25.798766	19/03/2024	
2059	858745	2532	6	12.0	100884.7	24.33	26	0	Itachi	08:59:25.840123	19/03/2024	
2060	858788	1535	0	6.1	100884.7	24.33	18	1	Itachi	08:59:25.899774	19/03/2024	
2061	859056	3675	124	42.0	100884.7	24.33	77	0	Itachi	08:59:26.157117	19/03/2024	
2062	859495	4095	460	121.8	100884.7	24.33	65	1	Itachi	08:59:26.638056	19/03/2024	
2063	859597	1221	0	4.7	100884.7	24.33	66	0	Itachi	08:59:26.691358	19/03/2024	
2064	860090	4095	276	79.1	100884.7	24.33	59	0	Itachi	08:59:27.184812	19/03/2024	
2065	860161	2674	12	13.6	100884.7	24.33	18	0	Itachi	08:59:27.255835	19/03/2024	
2066	860270	4095	621	159.2	100884.7	24.33	18	0	Itachi	08:59:27.364544	19/03/2024	
2067	860368	756	0	2.9	100884.7	24.33	17	0	Itachi	08:59:27.462639	19/03/2024	
2068	860420	4095	653	166.7	100884.7	24.33	17	0	Itachi	08:59:27.514619	19/03/2024	
2069	860888	2052	0	8.7	100884.7	24.33	60	0	Itachi	08:59:27.983277	19/03/2024	
2070	861065	1097	0	4.2	100884.7	24.33	59	0	Itachi	08:59:28.159695	19/03/2024	
2071	861263	702	0	2.7	100884.7	24.33	17	0	Itachi	08:59:28.357705	19/03/2024	
2072	861320	3887	178	55.4	100884.7	24.33	18	0	Itachi	08:59:28.420350	19/03/2024	
2073	861411	903	0	3.4	100884.7	24.33	23	0	Itachi	08:59:28.505793	19/03/2024	
2074	861684	950	0	3.6	100884.7	24.33	60	0	Itachi	08:59:28.778584	19/03/2024	
2075	862317	1012	0	3.9	100884.7	24.33	59	0	Itachi	08:59:29.411802	19/03/2024	
2076	862383	436	0	1.6	100884.7	24.33	18	0	Itachi	08:59:29.477885	19/03/2024	
2077	862439	1211	0	4.7	100884.7	24.33	19	0	Itachi	08:59:29.534268	19/03/2024	
2078	863322	776	0	2.9	100884.7	24.33	101	0	Itachi	08:59:30.416854	19/03/2024	
2079	863424	830	0	3.2	100884.7	24.33	19	0	Itachi	08:59:30.519358	19/03/2024	
2080	863704	1563	0	6.2	100884.7	24.33	59	0	Itachi	08:59:30.815784	19/03/2024	
2081	863795	1148	0	4.4	100884.7	24.33	35	0	Itachi	08:59:30.895432	19/03/2024	
2082	863827	972	0	3.7	100884.7	24.33	23	0	Itachi	08:59:30.927395	19/03/2024	
2083	864206	725	0	2.7	100884.7	24.33	65	0	Itachi	08:59:31.301178	19/03/2024	
2084	864714	3610	107	37.9	100884.7	24.33	59	1	Itachi	08:59:31.808272	19/03/2024	
2085	864809	4015	218	65.2	100884.7	24.33	17	0	Itachi	08:59:31.903439	19/03/2024	
2086	865046	4095	530	138.1	100884.7	24.33	59	0	Itachi	08:59:32.140536	19/03/2024	
2087	865810	2189	3	9.6	100884.7	24.33	59	0	Itachi	08:59:32.913158	19/03/2024	
2088	866708	286	0	1.1	100884.7	24.33	110	0	Itachi	08:59:33.802653	19/03/2024	
2089	866865	267	0	1.0	100884.7	24.33	18	0	Itachi	08:59:33.960354	19/03/2024	
2090	867047	3389	73	29.2	100884.7	24.33	59	0	Itachi	08:59:34.141659	19/03/2024	
2091	867419	1478	0	5.8	100884.7	24.33	17	0	Itachi	08:59:34.513743	19/03/2024	
2092	867677	3764	147	47.6	100884.7	24.33	61	0	Itachi	08:59:34.778265	19/03/2024	
2093	867988	3101	40	20.8	100884.7	24.33	23	0	Itachi	08:59:35.083220	19/03/2024	
2094	868331	4095	454	120.4	100884.7	24.33	60	0	Itachi	08:59:35.425408	19/03/2024	
2095	868958	3509	89	33.3	100884.7	24.33	59	0	Itachi	08:59:36.052840	19/03/2024	
2096	870319	719	0	2.7	100884.7	24.33	145	0	Itachi	08:59:37.414361	19/03/2024	
2097	870590	2877	22	16.3	100884.7	24.33	59	0	Itachi	08:59:37.684820	19/03/2024	
2098	871317	2484	6	11.7	100884.7	24.33	60	0	Itachi	08:59:38.412016	19/03/2024	
2099	871339	3752	161	50.7	100884.7	24.33	18	0	Itachi	08:59:38.433725	19/03/2024	
2100	871482	776	0	2.9	100884.7	24.33	61	0	Itachi	08:59:38.636548	19/03/2024	
2101	871623	539	0	2.0	100884.7	24.33	76	0	Itachi	08:59:38.723692	19/03/2024	
2102	871692	627	0	2.4	100884.7	24.33	24	0	Itachi	08:59:38.793473	19/03/2024	
2103	871957	217	0	0.8	100884.7	24.33	23	0	Itachi	08:59:39.051723	19/03/2024	
2104	872359	744	0	2.8	100884.7	24.33	60	0	Itachi	08:59:39.453944	19/03/2024	
2105	872638	3833	174	54.1	100884.7	24.33	60	0	Itachi	08:59:39.733224	19/03/2024	
2106	872917	4095	1116	274.2	100884.7	24.33	17	1	Itachi	08:59:40.011182	19/03/2024	
2107	873260	1013	0	3.9	100884.7	24.33	59	0	Itachi	08:59:40.354706	19/03/2024	
2108	873598	570	0	2.2	100884.7	24.33	61	0	Itachi	08:59:40.693372	19/03/2024	
2109	873803	3583	100	36.2	100884.7	24.33	17	0	Itachi	08:59:40.897579	19/03/2024	
2110	874136	876	0	3.3	100884.7	24.33	59	0	Itachi	08:59:41.230901	19/03/2024	
2111	874236	2528	5	11.9	100884.7	24.33	19	0	Itachi	08:59:41.331333	19/03/2024	
2112	874951	226	0	0.9	100884.7	24.33	59	0	Itachi	08:59:42.070089	19/03/2024	
2113	875405	1637	0	6.6	100884.7	24.33	85	0	Itachi	08:59:42.500339	19/03/2024	
2114	875637	880	0	3.4	100884.7	24.33	67	0	Itachi	08:59:42.732025	19/03/2024	
2115	875747	3565	98	35.6	100884.7	24.33	18	0	Itachi	08:59:42.841882	19/03/2024	
2116	876065	563	0	2.1	100884.7	24.33	61	0	Itachi	08:59:43.160496	19/03/2024	
2117	876172	2307	4	10.4	100884.7	24.33	17	0	Itachi	08:59:43.267043	19/03/2024	
2118	876963	1018	0	3.9	100884.7	24.33	59	0	Itachi	08:59:44.057494	19/03/2024	
2119	877436	866	0	3.3	100884.7	24.33	59	0	Itachi	08:59:44.530922	19/03/2024	
2120	877462	2953	26	17.4	100884.7	24.33	18	0	Itachi	08:59:44.582101	19/03/2024	
2121	877603	228	0	0.9	100884.7	24.33	85	0	Itachi	08:59:44.705739	19/03/2024	
2122	877948	3401	75	29.7	100884.7	24.33	25	0	Itachi	08:59:45.048803	19/03/2024	
2123	878113	1381	0	5.4	100884.7	24.33	66	0	Itachi	08:59:45.207987	19/03/2024	
2124	878286	552	0	2.1	100884.7	24.33	18	0	Itachi	08:59:45.380577	19/03/2024	
2125	878419	328	0	1.2	100884.7	24.33	17	0	Itachi	08:59:45.513304	19/03/2024	
2126	878861	2582	10	12.7	100884.7	24.33	59	0	Itachi	08:59:45.955622	19/03/2024	
2127	880147	4095	373	101.6	100884.7	24.33	143	0	Itachi	08:59:47.242090	19/03/2024	
2128	880343	757	0	2.9	100884.7	24.33	18	0	Itachi	08:59:47.437375	19/03/2024	
2129	880450	1728	0	7.0	100884.7	24.33	17	0	Itachi	08:59:47.544981	19/03/2024	
2130	881080	2316	2	10.4	100884.7	24.33	102	0	Itachi	08:59:48.174821	19/03/2024	
2131	883232	3515	105	36.7	100884.7	24.33	186	0	Itachi	08:59:50.327087	19/03/2024	
2132	883601	269	0	1.0	100884.7	24.33	61	0	Itachi	08:59:50.696276	19/03/2024	
2133	884358	1416	0	5.6	100884.7	24.33	59	0	Itachi	08:59:51.458812	19/03/2024	
2134	884388	616	0	2.3	100884.7	24.33	23	0	Itachi	08:59:51.482641	19/03/2024	
2135	884707	441	0	1.7	100884.7	24.33	59	0	Itachi	08:59:51.801580	19/03/2024	
2136	884742	4095	246	72.1	100884.7	24.33	17	1	Itachi	08:59:51.836744	19/03/2024	
2137	885059	4095	269	77.5	100884.7	24.33	59	0	Itachi	08:59:52.153745	19/03/2024	
2138	885135	1051	0	4.0	100884.7	24.33	18	0	Itachi	08:59:52.229885	19/03/2024	
2139	886267	657	0	2.5	100884.7	24.33	103	0	Itachi	08:59:53.370273	19/03/2024	
2140	886563	2538	5	12.0	100884.7	24.33	67	0	Itachi	08:59:53.674975	19/03/2024	
2141	888102	3763	140	46.1	100884.7	24.33	160	0	Itachi	08:59:55.202376	19/03/2024	
2142	888352	488	0	1.8	100884.7	24.33	23	0	Itachi	08:59:55.446858	19/03/2024	
2143	889096	350	0	1.3	100884.7	24.33	102	0	Itachi	08:59:56.197043	19/03/2024	
2144	889707	277	0	1.0	100884.7	24.33	66	0	Itachi	08:59:56.802021	19/03/2024	
2145	889990	1825	1	7.5	100884.7	24.33	60	0	Itachi	08:59:57.127134	19/03/2024	
2146	890291	596	0	2.3	100884.7	24.33	60	0	Itachi	08:59:57.385890	19/03/2024	
2147	890558	3809	170	53.1	100884.7	24.33	60	1	Itachi	08:59:57.652265	19/03/2024	
2148	891149	3917	166	52.8	100884.7	24.33	59	0	Itachi	08:59:58.243927	19/03/2024	
2149	891201	687	0	2.6	100884.7	24.33	18	1	Itachi	08:59:58.295766	19/03/2024	
2150	891939	1024	0	3.9	100884.7	24.33	60	0	Itachi	08:59:59.034263	19/03/2024	
2151	892694	3097	41	20.9	100884.7	24.33	101	0	Itachi	08:59:59.789049	19/03/2024	
2152	892774	516	0	1.9	100884.7	24.33	18	0	Itachi	08:59:59.868866	19/03/2024	
2153	892869	826	0	3.1	100884.7	24.33	18	0	Itachi	08:59:59.970051	19/03/2024	
2154	893203	296	0	1.1	100884.7	24.33	66	0	Itachi	09:00:00.297643	19/03/2024	
2155	893433	3856	163	51.8	100884.7	24.33	18	0	Itachi	09:00:00.528286	19/03/2024	
2156	894178	863	0	3.3	100884.7	24.33	102	0	Itachi	09:00:01.273327	19/03/2024	
2157	895372	832	0	3.2	100884.7	24.33	101	0	Itachi	09:00:02.466615	19/03/2024	
2158	895573	3886	149	48.8	100884.7	24.33	59	0	Itachi	09:00:02.668148	19/03/2024	
2159	895971	395	0	1.5	100884.7	24.33	18	0	Itachi	09:00:03.065830	19/03/2024	
2160	897412	3038	33	19.2	100884.7	24.33	144	0	Itachi	09:00:04.523596	19/03/2024	
2161	897582	4095	626	160.4	100884.7	24.33	76	0	Itachi	09:00:04.682636	19/03/2024	
2162	898149	3739	154	49.0	100884.7	24.33	65	0	Itachi	09:00:05.244061	19/03/2024	
2163	898334	3886	184	56.7	100884.7	24.33	18	0	Itachi	09:00:05.434895	19/03/2024	
2164	899051	296	0	1.1	100884.7	24.33	116	0	Itachi	09:00:06.145656	19/03/2024	
2165	899076	571	0	2.2	100884.7	24.33	17	1	Itachi	09:00:06.170387	19/03/2024	
2166	899336	3930	198	60.2	100884.7	24.33	17	1	Itachi	09:00:06.430582	19/03/2024	
2167	899354	328	0	1.2	100884.7	24.33	17	0	Itachi	09:00:06.448560	19/03/2024	
2168	899487	1632	0	6.6	100884.7	24.33	18	0	Itachi	09:00:06.582557	19/03/2024	
2169	899669	4095	290	82.4	100884.7	24.33	61	0	Itachi	09:00:06.764429	19/03/2024	
2170	899726	1627	1	6.5	100884.7	24.33	17	0	Itachi	09:00:06.820634	19/03/2024	
2171	900110	2772	16	14.7	100884.7	24.33	59	0	Itachi	09:00:07.204569	19/03/2024	
2172	900142	4095	790	198.5	100884.7	24.33	18	0	Itachi	09:00:07.237367	19/03/2024	
2173	901204	1917	1	8.0	100884.7	24.33	101	0	Itachi	09:00:08.304243	19/03/2024	
2174	901306	1598	2	6.4	100884.7	24.33	23	0	Itachi	09:00:08.400855	19/03/2024	
2175	901368	610	0	2.3	100884.7	24.33	19	0	Itachi	09:00:08.463232	19/03/2024	
2176	901880	2008	0	8.5	100884.7	24.33	59	0	Itachi	09:00:08.975021	19/03/2024	
2177	901912	2819	19	15.4	100884.7	24.33	18	0	Itachi	09:00:09.006998	19/03/2024	
2178	903876	3060	37	20.0	100884.7	24.33	186	0	Itachi	09:00:10.970666	19/03/2024	
2179	904176	4095	1931	463.5	100884.7	24.33	59	1	Itachi	09:00:11.270803	19/03/2024	
2180	904386	1462	0	5.8	100884.7	24.33	18	0	Itachi	09:00:11.497813	19/03/2024	
2181	904432	4095	275	78.9	100884.7	24.33	36	0	Itachi	09:00:11.533234	19/03/2024	
2182	905121	4095	658	167.8	100884.7	24.33	107	0	Itachi	09:00:12.215784	19/03/2024	
2183	905360	956	0	3.7	100884.7	24.33	18	0	Itachi	09:00:12.461455	19/03/2024	
2184	906162	1209	0	4.7	100884.7	24.33	107	0	Itachi	09:00:13.257259	19/03/2024	
2185	906278	418	0	1.6	100884.7	24.33	18	0	Itachi	09:00:13.372920	19/03/2024	
2186	906396	2636	11	13.2	100884.7	24.33	18	0	Itachi	09:00:13.490936	19/03/2024	
2187	906682	878	0	3.3	100884.7	24.33	60	0	Itachi	09:00:13.776835	19/03/2024	
2188	907311	907	0	3.5	100884.7	24.33	59	0	Itachi	09:00:14.405976	19/03/2024	
2189	907543	953	61	3.8	100884.7	24.33	60	0	Itachi	09:00:14.637599	19/03/2024	
2190	907674	653	0	2.5	100884.7	24.33	18	0	Itachi	09:00:14.769335	19/03/2024	
2191	907713	2509	6	11.9	100884.7	24.33	17	0	Itachi	09:00:14.807667	19/03/2024	
2192	908192	1083	0	4.2	100884.7	24.33	67	0	Itachi	09:00:15.286768	19/03/2024	
2193	908758	933	0	3.6	100884.7	24.33	60	0	Itachi	09:00:15.877590	19/03/2024	
2194	909265	1501	0	5.9	100884.7	24.33	85	0	Itachi	09:00:16.360432	19/03/2024	
2195	909940	3829	141	46.7	100884.7	24.33	59	0	Itachi	09:00:17.034942	19/03/2024	
2196	909958	183	0	0.7	100884.7	24.33	18	0	Itachi	09:00:17.053005	19/03/2024	
2197	910709	1035	0	4.0	100884.7	24.33	101	0	Itachi	09:00:17.803899	19/03/2024	
2198	910735	2782	14	14.5	100884.7	24.33	19	0	Itachi	09:00:17.830262	19/03/2024	
2199	910778	348	0	1.3	100884.7	24.33	17	0	Itachi	09:00:17.872904	19/03/2024	
2200	911276	4095	1354	329.5	100884.7	24.33	60	0	Itachi	09:00:18.396019	19/03/2024	
2201	911436	658	0	2.5	100884.7	24.33	44	0	Itachi	09:00:18.539251	19/03/2024	
2202	911922	546	0	2.1	100884.7	24.33	67	0	Itachi	09:00:19.016612	19/03/2024	
2203	911977	4095	262	75.8	100884.7	24.33	17	0	Itachi	09:00:19.077674	19/03/2024	
2204	912154	614	0	2.3	100884.7	24.33	65	0	Itachi	09:00:19.249053	19/03/2024	
2205	912355	3808	138	45.9	100884.7	24.33	18	0	Itachi	09:00:19.449969	19/03/2024	
2206	912420	216	0	0.8	100884.7	24.33	19	0	Itachi	09:00:19.515255	19/03/2024	
2207	912464	4095	317	88.6	100884.7	24.33	17	1	Itachi	09:00:19.558715	19/03/2024	
2208	912675	221	0	0.8	100884.7	24.33	59	0	Itachi	09:00:19.770026	19/03/2024	
2209	913171	1493	0	5.9	100884.7	24.33	60	0	Itachi	09:00:20.265629	19/03/2024	
2210	913714	1521	0	6.0	100884.7	24.33	60	0	Itachi	09:00:20.809399	19/03/2024	
2211	914176	358	0	1.4	100884.7	24.33	60	0	Itachi	09:00:21.271323	19/03/2024	
2212	914685	2205	2	9.7	100884.7	24.33	59	0	Itachi	09:00:21.780105	19/03/2024	
2213	915203	2009	0	8.5	100884.7	24.33	60	0	Itachi	09:00:22.303565	19/03/2024	
2214	915984	3365	66	27.6	100884.7	24.33	65	0	Itachi	09:00:23.078816	19/03/2024	
2215	916200	915	0	3.5	100884.7	24.33	60	0	Itachi	09:00:23.295026	19/03/2024	
2216	916430	1009	0	3.9	100884.7	24.33	19	0	Itachi	09:00:23.525262	19/03/2024	
2217	917450	3038	36	19.6	100884.7	24.33	101	0	Itachi	09:00:24.553059	19/03/2024	
2218	917768	2768	15	14.6	100884.7	24.33	68	0	Itachi	09:00:24.862883	19/03/2024	
2219	917797	3102	40	20.8	100884.7	24.33	18	1	Itachi	09:00:24.891641	19/03/2024	
2220	918146	242	0	0.9	100884.7	24.33	59	0	Itachi	09:00:25.258078	19/03/2024	
2221	919090	2558	8	12.4	100884.7	24.33	119	0	Itachi	09:00:26.190990	19/03/2024	
2222	919169	1083	0	4.2	100884.7	24.33	24	0	Itachi	09:00:26.263617	19/03/2024	
2223	919666	2201	2	9.7	100884.7	24.33	59	0	Itachi	09:00:26.766968	19/03/2024	
2224	919993	2555	9	12.4	100884.7	24.33	66	0	Itachi	09:00:27.130584	19/03/2024	
2225	920264	681	0	2.6	100884.7	24.33	59	0	Itachi	09:00:27.358989	19/03/2024	
2226	920450	1912	1	8.0	100884.7	24.33	18	0	Itachi	09:00:27.544211	19/03/2024	
2227	921566	988	0	3.8	100884.7	24.33	143	0	Itachi	09:00:28.661201	19/03/2024	
2228	921760	888	0	3.4	100884.7	24.33	17	0	Itachi	09:00:28.854648	19/03/2024	
2229	921850	385	0	1.5	100884.7	24.33	18	0	Itachi	09:00:28.945348	19/03/2024	
2230	921988	502	0	1.9	100884.7	24.33	17	0	Itachi	09:00:29.082903	19/03/2024	
2231	922691	1937	0	8.1	100884.7	24.33	103	0	Itachi	09:00:29.786514	19/03/2024	
2232	922836	3803	168	52.6	100884.7	24.33	18	1	Itachi	09:00:29.931169	19/03/2024	
2233	923174	420	0	1.6	100884.7	24.33	60	0	Itachi	09:00:30.275303	19/03/2024	
2234	923206	1886	2	7.9	100884.7	24.33	23	0	Itachi	09:00:30.300963	19/03/2024	
2235	923224	500	0	1.9	100884.7	24.33	18	0	Itachi	09:00:30.319173	19/03/2024	
2236	923384	1580	0	6.3	100884.7	24.33	18	0	Itachi	09:00:30.478665	19/03/2024	
2237	923449	1506	0	6.0	100884.7	24.33	17	0	Itachi	09:00:30.543736	19/03/2024	
2238	923784	1102	0	4.2	100884.7	24.33	60	0	Itachi	09:00:30.878636	19/03/2024	
2239	923897	4095	473	124.9	100884.7	24.33	17	1	Itachi	09:00:30.991788	19/03/2024	
2240	924049	340	0	1.3	100884.7	24.33	60	0	Itachi	09:00:31.161396	19/03/2024	
2241	924219	1478	2	5.9	100884.7	24.33	35	0	Itachi	09:00:31.320086	19/03/2024	
2242	924556	4095	792	198.9	100884.7	24.33	66	0	Itachi	09:00:31.651460	19/03/2024	
2243	925118	350	0	1.3	100884.7	24.33	59	0	Itachi	09:00:32.212990	19/03/2024	
2244	925561	696	0	2.6	100884.7	24.33	60	0	Itachi	09:00:32.661880	19/03/2024	
2245	925676	186	0	0.7	100884.7	24.33	24	0	Itachi	09:00:32.778848	19/03/2024	
2246	925743	905	0	3.4	100884.7	24.33	26	0	Itachi	09:00:32.837792	19/03/2024	
2247	926298	1437	0	5.7	100884.7	24.33	59	0	Itachi	09:00:33.393050	19/03/2024	
2248	926316	266	0	1.0	100884.7	24.33	18	0	Itachi	09:00:33.411100	19/03/2024	
2249	926586	4082	220	66.0	100884.7	24.33	60	0	Itachi	09:00:33.681418	19/03/2024	
2250	926793	2107	3	9.2	100884.7	24.33	17	0	Itachi	09:00:33.888175	19/03/2024	
2251	926876	700	0	2.7	100884.7	24.33	19	0	Itachi	09:00:33.971296	19/03/2024	
2252	928353	3192	52	23.6	100884.7	24.33	144	0	Itachi	09:00:35.448247	19/03/2024	
2253	928646	4095	730	184.5	100884.7	24.33	59	0	Itachi	09:00:35.741161	19/03/2024	
2254	928744	313	0	1.2	100884.7	24.33	19	0	Itachi	09:00:35.845120	19/03/2024	
2255	928773	2913	24	16.8	100884.7	24.33	23	0	Itachi	09:00:35.867917	19/03/2024	
2256	929451	1738	1	7.1	100884.7	24.33	60	0	Itachi	09:00:36.545466	19/03/2024	
2257	929499	760	0	2.9	100884.7	24.33	101	0	Itachi	09:00:36.636139	19/03/2024	
2258	930250	732	0	2.8	100884.7	24.33	60	0	Itachi	09:00:37.344831	19/03/2024	
2259	930365	489	0	1.8	100884.7	24.33	18	0	Itachi	09:00:37.459993	19/03/2024	
2260	930561	4095	578	149.2	100884.7	24.33	60	1	Itachi	09:00:37.672333	19/03/2024	
2261	930885	3688	133	44.0	100884.7	24.33	35	0	Itachi	09:00:37.986156	19/03/2024	
2262	931054	4095	1315	320.4	100884.7	24.33	66	1	Itachi	09:00:38.148944	19/03/2024	
2263	931208	197	0	0.8	100884.7	24.33	17	0	Itachi	09:00:38.303002	19/03/2024	
2264	932043	1256	0	4.9	100884.7	24.33	102	0	Itachi	09:00:39.143422	19/03/2024	
2265	933077	2500	5	11.7	100884.7	24.33	107	0	Itachi	09:00:40.172142	19/03/2024	
2266	933253	923	0	3.5	100884.7	24.33	18	0	Itachi	09:00:40.347966	19/03/2024	
2267	933475	4095	492	129.3	100884.7	24.33	18	0	Itachi	09:00:40.569890	19/03/2024	
2268	934253	857	0	3.3	100884.7	24.33	102	0	Itachi	09:00:41.348137	19/03/2024	
2269	934348	1100	0	4.2	100884.7	24.33	18	0	Itachi	09:00:41.443159	19/03/2024	
2270	934933	1550	0	6.2	100884.7	24.33	60	0	Itachi	09:00:42.028221	19/03/2024	
2271	935144	908	0	3.5	100884.7	24.33	60	0	Itachi	09:00:42.239069	19/03/2024	
2272	935413	2530	8	12.2	100884.7	24.33	18	0	Itachi	09:00:42.508017	19/03/2024	
2273	935487	2020	2	8.6	100884.7	24.33	18	0	Itachi	09:00:42.581863	19/03/2024	
2274	935869	1360	0	5.3	100884.7	24.33	67	0	Itachi	09:00:42.989252	19/03/2024	
2275	935954	683	0	2.6	100884.7	24.33	43	0	Itachi	09:00:43.049484	19/03/2024	
2276	936288	3615	117	40.1	100884.7	24.33	59	0	Itachi	09:00:43.382942	19/03/2024	
2277	936870	4095	998	246.8	100884.7	24.33	60	1	Itachi	09:00:43.964990	19/03/2024	
2278	937301	1136	0	4.4	100884.7	24.33	59	0	Itachi	09:00:44.396207	19/03/2024	
2279	937444	1741	0	7.1	100884.7	24.33	18	0	Itachi	09:00:44.539104	19/03/2024	
2280	937688	1545	0	6.1	100884.7	24.33	60	0	Itachi	09:00:44.807848	19/03/2024	
2281	938178	696	0	2.6	100884.7	24.33	85	0	Itachi	09:00:45.280577	19/03/2024	
2282	938343	513	0	1.9	100884.7	24.33	25	0	Itachi	09:00:45.438152	19/03/2024	
2283	938419	928	0	3.5	100884.7	24.33	17	0	Itachi	09:00:45.514134	19/03/2024	
2284	938466	549	0	2.1	100884.7	24.33	18	0	Itachi	09:00:45.566993	19/03/2024	
2285	938680	4032	210	63.5	100884.7	24.33	66	1	Itachi	09:00:45.775250	19/03/2024	
2286	938866	1128	0	4.3	100884.7	24.33	17	0	Itachi	09:00:45.960714	19/03/2024	
2287	940436	273	0	1.0	100884.7	24.33	143	0	Itachi	09:00:47.530772	19/03/2024	
2288	940947	4095	715	181.1	100884.7	24.33	59	0	Itachi	09:00:48.042158	19/03/2024	
2289	941130	2325	1	10.3	100884.7	24.33	60	0	Itachi	09:00:48.224738	19/03/2024	
2290	941304	798	0	3.0	100884.7	24.33	18	0	Itachi	09:00:48.399186	19/03/2024	
2291	942088	2457	4	11.4	100884.7	24.33	102	0	Itachi	09:00:49.183436	19/03/2024	
2292	942130	980	0	3.7	100884.7	24.33	17	0	Itachi	09:00:49.225142	19/03/2024	
2293	942421	4095	600	154.4	100884.7	24.33	19	0	Itachi	09:00:49.516403	19/03/2024	
2294	942875	3951	194	59.4	100884.7	24.33	60	0	Itachi	09:00:49.976450	19/03/2024	
2295	943208	1149	0	4.4	100884.7	24.33	65	0	Itachi	09:00:50.302802	19/03/2024	
2296	943381	4095	372	101.4	100884.7	24.33	17	1	Itachi	09:00:50.475507	19/03/2024	
2297	944630	3011	33	18.9	100884.7	24.33	144	0	Itachi	09:00:51.725481	19/03/2024	
2298	944864	4095	571	147.6	100884.7	24.33	17	1	Itachi	09:00:51.958362	19/03/2024	
2299	945314	1254	0	4.9	100884.7	24.33	68	0	Itachi	09:00:52.409468	19/03/2024	
2300	947203	1764	1	7.2	100884.7	24.33	186	0	Itachi	09:00:54.315048	19/03/2024	
2301	947286	459	0	1.7	100884.7	24.33	34	0	Itachi	09:00:54.386353	19/03/2024	
2302	947616	2337	4	10.6	100884.7	24.33	65	0	Itachi	09:00:54.710787	19/03/2024	
2303	948332	1405	0	5.5	100884.7	24.33	60	0	Itachi	09:00:55.427259	19/03/2024	
2304	949098	526	0	2.0	100884.7	24.33	103	0	Itachi	09:00:56.199367	19/03/2024	
2305	949417	2077	0	8.9	100884.7	24.33	23	0	Itachi	09:00:56.512166	19/03/2024	
2306	949486	910	0	3.5	100884.7	24.33	17	0	Itachi	09:00:56.580753	19/03/2024	
2307	949769	4095	688	174.8	100884.7	24.33	60	0	Itachi	09:00:56.864583	19/03/2024	
2308	950103	3515	101	35.9	100884.7	24.33	59	0	Itachi	09:00:57.197878	19/03/2024	
2309	950227	778	0	3.0	100884.7	24.33	19	0	Itachi	09:00:57.322385	19/03/2024	
2310	950346	348	0	1.3	100884.7	24.33	17	0	Itachi	09:00:57.440568	19/03/2024	
2311	950859	3597	101	36.5	100884.7	24.33	59	0	Itachi	09:00:57.954257	19/03/2024	
2312	951659	2269	4	10.2	100884.7	24.33	102	0	Itachi	09:00:58.753633	19/03/2024	
2313	951677	1915	295	16.5	100884.7	24.33	17	0	Itachi	09:00:58.771802	19/03/2024	
2314	952217	206	0	0.8	100884.7	24.33	60	0	Itachi	09:00:59.318063	19/03/2024	
2315	952461	272	0	1.0	100884.7	24.33	25	0	Itachi	09:00:59.556358	19/03/2024	
2316	953646	1161	0	4.5	100884.7	24.33	143	0	Itachi	09:01:00.741197	19/03/2024	
2317	953692	650	0	2.5	100884.7	24.33	18	0	Itachi	09:01:00.787378	19/03/2024	
2318	953917	823	0	3.1	100884.7	24.33	17	0	Itachi	09:01:01.012106	19/03/2024	
2319	954199	2841	22	16.0	100884.7	24.33	61	0	Itachi	09:01:01.294398	19/03/2024	
2320	955369	1864	0	7.7	100884.7	24.33	101	0	Itachi	09:01:02.481142	19/03/2024	
2321	956862	748	0	2.8	100884.7	24.33	161	0	Itachi	09:01:03.963045	19/03/2024	
2322	957065	2031	2	8.7	100884.7	24.33	65	0	Itachi	09:01:04.159790	19/03/2024	
2323	957126	860	0	3.3	100884.7	24.33	18	0	Itachi	09:01:04.221084	19/03/2024	
2324	957764	3796	163	51.4	100884.7	24.33	68	1	Itachi	09:01:04.864508	19/03/2024	
2325	958609	4095	1162	284.9	100884.7	24.33	108	0	Itachi	09:01:05.704712	19/03/2024	
2326	958908	524	0	2.0	100884.7	24.33	17	0	Itachi	09:01:06.002758	19/03/2024	
2327	959319	874	0	3.3	100884.7	24.33	59	0	Itachi	09:01:06.413834	19/03/2024	
2328	959716	4095	3452	816.7	100884.7	24.33	59	0	Itachi	09:01:06.811288	19/03/2024	
2329	959915	3422	76	30.0	100884.7	24.33	18	0	Itachi	09:01:07.009598	19/03/2024	
2330	960631	1101	0	4.2	100884.7	24.33	102	0	Itachi	09:01:07.726648	19/03/2024	
2331	960983	2694	10	13.5	100884.7	24.33	18	0	Itachi	09:01:08.078476	19/03/2024	
2332	962322	1539	0	6.1	100884.7	24.33	145	0	Itachi	09:01:09.417333	19/03/2024	
2333	963044	3686	152	48.2	100884.7	24.33	101	0	Itachi	09:01:10.139303	19/03/2024	
2334	963217	734	0	2.8	100884.7	24.33	17	0	Itachi	09:01:10.317858	19/03/2024	
2335	963676	537	0	2.0	100884.7	24.33	65	0	Itachi	09:01:10.770689	19/03/2024	
2336	963698	4095	228	68.0	100884.7	24.33	18	0	Itachi	09:01:10.793288	19/03/2024	
2337	965792	613	0	2.3	100884.7	24.33	185	0	Itachi	09:01:12.887385	19/03/2024	
2338	965811	1621	0	6.5	100884.7	24.33	17	0	Itachi	09:01:12.905893	19/03/2024	
2339	965914	1817	0	7.5	100884.7	24.33	18	0	Itachi	09:01:13.008841	19/03/2024	
2340	966120	3177	50	23.2	100884.7	24.33	60	0	Itachi	09:01:13.232461	19/03/2024	
2341	966176	4095	930	231.0	100884.7	24.33	34	1	Itachi	09:01:13.276431	19/03/2024	
2342	966368	4095	461	122.1	100884.7	24.33	23	1	Itachi	09:01:13.462711	19/03/2024	
2343	966653	4095	678	172.5	100884.7	24.33	59	0	Itachi	09:01:13.748125	19/03/2024	
2344	968236	3672	134	44.2	100884.7	24.33	144	0	Itachi	09:01:15.336954	19/03/2024	
2345	968589	4095	862	215.2	100884.7	24.33	65	0	Itachi	09:01:15.684434	19/03/2024	
2346	968654	1428	0	5.6	100884.7	24.33	17	0	Itachi	09:01:15.748946	19/03/2024	
2347	969283	4095	410	110.2	100884.7	24.33	60	0	Itachi	09:01:16.377746	19/03/2024	
2348	969614	3330	66	27.4	100884.7	24.33	59	1	Itachi	09:01:16.708686	19/03/2024	
2349	969645	722	0	2.7	100884.7	24.33	26	0	Itachi	09:01:16.748615	19/03/2024	
2350	969737	1503	0	6.0	100884.7	24.33	17	0	Itachi	09:01:16.831591	19/03/2024	
2351	969848	864	0	3.3	100884.7	24.33	17	0	Itachi	09:01:16.942941	19/03/2024	
2352	969926	433	0	1.6	100884.7	24.33	18	0	Itachi	09:01:17.021057	19/03/2024	
2353	970762	3307	62	26.4	100884.7	24.33	102	0	Itachi	09:01:17.857153	19/03/2024	
2354	970922	517	0	2.0	100884.7	24.33	18	0	Itachi	09:01:18.041873	19/03/2024	
2355	971269	4095	321	89.6	100884.7	24.33	84	0	Itachi	09:01:18.364136	19/03/2024	
2356	971834	1315	0	5.1	100884.7	24.33	61	0	Itachi	09:01:18.929581	19/03/2024	
2357	971980	880	0	3.4	100884.7	24.33	17	0	Itachi	09:01:19.074680	19/03/2024	
